#    3)  2p 1/2  max= 310 Rmax=  0.5875 En=   -411.91370923
           1   9.9999999999999995E-007   1.5399906294789317E-005
           2   1.0444225338938544E-006   1.6798508504396953E-005
           3   1.0908184287671121E-006   1.8324130863636899E-005
           4   1.1392753462419911E-006   1.9988309387922277E-005
           5   1.1898848420844152E-006   2.1803606972183287E-005
           6   1.2427425391910072E-006   2.3783709285571614E-005
           7   1.2979483082605334E-006   2.5943653320107705E-005
           8   1.3556064564911365E-006   2.8299741176305376E-005
           9   1.4158259246599110E-006   3.0869794108238889E-005
          10   1.4787204929571719E-006   3.3673240676651014E-005
          11   1.5444089959642569E-006   3.6731274670548307E-005
          12   1.6130155471811518E-006   4.0067014336950505E-005
          13   1.6846697735280171E-006   4.3705676936361650E-005
          14   1.7595070602637758E-006   4.7674769296178502E-005
          15   1.8376688067844433E-006   5.2004295633417058E-005
          16   1.9193026937845375E-006   5.6726984231173218E-005
          17   2.0045629622862911E-006   6.1878534678113029E-005
          18   2.0936107050638671E-006   6.7497887533375116E-005
          19   2.1866141710131623E-006   7.3627518448905190E-005
          20   2.2837490830423103E-006   8.0313758963891532E-005
          21   2.3851989700834204E-006   8.7607146386439134E-005
          22   2.4911555138528375E-006   9.5562805395931321E-005
          23   2.6018189110151385E-006   1.0424086423639055E-004
          24   2.7173982514350333E-006   1.1370690863056243E-004
          25   2.8381119132318184E-006   1.2403247682618026E-004
          26   2.9641879753828026E-006   1.3529559949339775E-004
          27   3.0958646486552469E-006   1.4758138852605243E-004
          28   3.2333907256808836E-006   1.6098267916522766E-004
          29   3.3770260510234638E-006   1.7560073026002507E-004
          30   3.5270420121273681E-006   1.9154598791068232E-004
          31   3.6837220520747815E-006   2.0893891821262519E-004
          32   3.8473622051202607E-006   2.2791091533036140E-004
          33   4.0182716560144502E-006   2.4860529168571632E-004
          34   4.1967733241735253E-006   2.7117835765322275E-004
          35   4.3832044737982416E-006   2.9580059881486638E-004
          36   4.5779173510950352E-006   3.2265795954013806E-004
          37   4.7812798498032010E-006   3.5195324243879323E-004
          38   4.9936762062853591E-006   3.8390763408097881E-004
          39   5.2155077254945083E-006   4.1876236829668036E-004
          40   5.4471935391891125E-006   4.5678053936737845E-004
          41   5.6891713978285905E-006   4.9824907850596690E-004
          42   5.9418984976454050E-006   5.4348090819842537E-004
          43   6.2058523444561578E-006   5.9281729025290010E-004
          44   6.4815316558434778E-006   6.4663038479062084E-004
          45   6.7694573034132758E-006   7.0532603890534752E-004
          46   7.0701732969073292E-006   7.6934682533912546E-004
          47   7.3842478120303456E-006   8.3917535328033289E-004
          48   7.7122742639330586E-006   9.1533787528408741E-004
          49   8.0548724283796165E-006   9.9840821635400817E-004
          50   8.4126896127169845E-006   1.0890120534423188E-003
          51   8.7864018788583490E-006   1.1878315760066856E-003
          52   9.1767153205913173E-006   1.2956105608037205E-003
          53   9.5843673976231480E-006   1.4131598968809046E-003
          54   1.0010128328883587E-005   1.5413635996615286E-003
          55   1.0454802547717105E-005   1.6811853561918225E-003
          56   1.0919230221713362E-005   1.8336756470077322E-003
          57   1.1404288840046840E-005   1.9999794936962196E-003
          58   1.1910894871324283E-005   2.1813448850694600E-003
          59   1.2440005495071078E-005   2.3791319389697197E-003
          60   1.2992620410127811E-005   2.5948228610576528E-003
          61   1.3569783723372270E-005   2.8300327664840053E-003
          62   1.4172585922334979E-005   3.0865214352083195E-003
          63   1.4802165935433750E-005   3.3662060767126502E-003
          64   1.5459713283719377E-005   3.6711751851299184E-003
          65   1.6146470328195645E-005   4.0037035712629336E-003
          66   1.6863734616959607E-005   4.3662686635119810E-003
          67   1.7612861336593900E-005   4.7615681755013434E-003
          68   1.8395265872442344E-005   5.1925392439228458E-003
          69   1.9212426482603670E-005   5.6623791458604734E-003
          70   2.0065887090693202E-005   6.1745677105784057E-003
          71   2.0957260202648391E-005   6.7328915461708615E-003
          72   2.1888229953084970E-005   7.3414702066317145E-003
          73   2.2860555286958465E-005   8.0047844295358696E-003
          74   2.3876073282538308E-005   8.7277065785495503E-003
          75   2.4936702621971499E-005   9.5155334280800346E-003
          76   2.6044447215987248E-005   1.0374021429384934E-002
          77   2.7201399989590050E-005   1.1309424598121199E-002
          78   2.8409746835887955E-005   1.2328535162153291E-002
          79   2.9671770745522310E-005   1.3438727105343325E-002
          80   3.0989856119497354E-005   1.4648002737517303E-002
          81   3.2366493273550663E-005   1.5965042412435029E-002
          82   3.3804283142572143E-005   1.7399257504007042E-002
          83   3.5305942193951068E-005   1.8960846735893627E-002
          84   3.6874307559129402E-005   2.0660855940660739E-002
          85   3.8512342393048592E-005   2.2511241301422999E-002
          86   4.0223141471607078E-005   2.4524936101531242E-002
          87   4.2009937037697452E-005   2.6715920976555615E-002
          88   4.3876104906856366E-005   2.9099297627692700E-002
          89   4.5825170844053913E-005   3.1691365918371524E-002
          90   4.7860817223659389E-005   3.4509704237351710E-002
          91   4.9986889985153051E-005   3.7573252975167067E-002
          92   5.2207405897711428E-005   4.0902400929910675E-002
          93   5.4526560147379929E-005   4.4519074438407011E-002
          94   5.6948734261146396E-005   4.8446829028033496E-002
          95   5.9478504382873435E-005   5.2710943412147077E-002
          96   6.2120649916704040E-005   5.7338515722402950E-002
          97   6.4880162554250228E-005   6.2358562001281904E-002
          98   6.7762255702597597E-005   6.7802117189665945E-002
          99   7.0772374330912288E-005   7.3702339164947561E-002
         100   7.3916205254226784E-005   8.0094616845843195E-002
         101   7.7199687873805487E-005   8.7016684016448506E-002
         102   8.0629025394346473E-005   9.4508741369963539E-002
         103   8.4210696539179967E-005  0.10261359035616253     
         104   8.7951467785555597E-005  0.11137678373596599     
         105   9.1858406143093888E-005  0.12084679923733099     
         106   9.5938892499498719E-005  0.13107524418116220     
         107   1.0020063555869154E-004  0.14211710000106684     
         108   1.0465168639764880E-004  0.15403101549668186     
         109   1.0930045366938259E-004  0.16687965543583050     
         110   1.1415571948072290E-004  0.18073010593660349     
         111   1.1922665597482588E-004  0.19565433034829893     
         112   1.2452284264966111E-004  0.21172966177861141     
         113   1.3005428444511110E-004  0.22903931928461105     
         114   1.3583143063276184E-004  0.24767293781719205     
         115   1.4186519454396728E-004  0.26772708333897499     
         116   1.4816697417335673E-004  0.28930569333234524     
         117   1.5474867369657977E-004  0.31252060352265115     
         118   1.6162272594281676E-004  0.33749202172528225     
         119   1.6880211586436193E-004  0.36434906294630448     
         120   1.7630040504746725E-004  0.39323031486328047     
         121   1.8413175731057591E-004  0.42428445242167701     
         122   1.9231096543812406E-004  0.45767090095097118     
         123   2.0085347910021336E-004  0.49356054892858586     
         124   2.0977543401067269E-004  0.53213651069013301     
         125   2.1909368237835788E-004  0.57359493963288921     
         126   2.2882582470895062E-004  0.61814589283260912     
         127   2.3899024301704533E-004  0.66601424835400325     
         128   2.4960613551095801E-004  0.71744067681048385     
         129   2.6069355281542835E-004  0.77268266890509074     
         130   2.7227343580028628E-004  0.83201562076874347     
         131   2.8436765508611876E-004  0.89573397891331563     
         132   2.9699905230113851E-004  0.96415244654972376     
         133   3.1019148316670139E-004   1.0376072528912725     
         134   3.2396986249232611E-004   1.1164574868739572     
         135   3.3836021116465315E-004   1.2010864964794983     
         136   3.5338970521846459E-004   1.2919033545389427     
         137   3.6908672708178060E-004   1.3893443915209422     
         138   3.8548091909108113E-004   1.4938747953611577     
         139   4.0260323937693025E-004   1.6059902778590969     
         140   4.2048602022467179E-004   1.7262188065468582     
         141   4.3916302901947428E-004   1.8551224002088522     
         142   4.5866953188977044E-004   1.9932989853924226     
         143   4.7904236016816900E-004   2.1413843102811487     
         144   5.0031997979409736E-004   2.3000539111932841     
         145   5.2254256378790316E-004   2.4700251257017585     
         146   5.4575206793180248E-004   2.6520591449332054     
         147   5.6999230979897799E-004   2.8469630959748966     
         148   5.9530905127832363E-004   3.0555921434808559     
         149   6.2175008474874222E-004   3.2788515975061507     
         150   6.4936532306365021E-004   3.5176990122871756     
         151   6.7820689351330489E-004   3.7731462581092869     
         152   7.0832923593991534E-004   4.0462615455390551     
         153   7.3978920518806383E-004   4.3381713781249323     
         154   7.7264617808093421E-004   4.6500624061692903     
         155   8.0696216512109750E-004   4.9831831503231694     
         156   8.4280192712322846E-004   5.3388455595385089     
         157   8.8023309699511779E-004   5.7184263633085735     
         158   9.1932630689269999E-004   6.1233681731273473     
         159   9.6015532098459228E-004   6.5551802826886014     
         160   1.0027971740717858E-003   7.0154391105195497     
         161   1.0473323163187323E-003   7.5057882225055099     
         162   1.0938447643631156E-003   8.0279378651141222     
         163   1.1424222590830666E-003   8.5836639330936091     
         164   1.1931564303125700E-003   9.1748062880195747     
         165   1.2461429688082595E-003   9.8032663363508696     
         166   1.3014818057837906E-003   10.471003767675624     
         167   1.3592773003414647E-003   11.180032345670325     
         168   1.4196384351448737E-003   11.932414636049877     
         169   1.4826790206909173E-003   12.730255547585593     
         170   1.5485179085548194E-003   13.575694554266919     
         171   1.6172792139975886E-003   14.470896459065345     
         172   1.6890925483418054E-003   15.418040552761031     
         173   1.7640932615388227E-003   16.419308015179887     
         174   1.8424226953682127E-003   17.476867401279456     
         175   1.9242284477288376E-003   18.592858051190845     
         176   2.0096646485001494E-003   19.769371261994888     
         177   2.0988922474723341E-003   21.008429060174709     
         178   2.1920793148646357E-003   22.311960417895929     
         179   2.2894013549728354E-003   23.681774764145331     
         180   2.3910416335091306E-003   25.119532653990650     
         181   2.4971915192210257E-003   26.626713476577986     
         182   2.6080508403998363E-003   28.204580105773022     
         183   2.7238282569144625E-003   29.854140427469559     
         184   2.8447416484320104E-003   31.576105715468479     
         185   2.9710185195136827E-003   33.370845874445600     
         186   3.1028964223022040E-003   35.238341624871858     
         187   3.2406233975458697E-003   37.178133771813599     
         188   3.3844584347341323E-003   39.189269778269569     
         189   3.5346719521505551E-003   41.270247954966827     
         190   3.6915462976808049E-003   43.418959683085319     
         191   3.8553762712464838E-003   45.632630204747826     
         192   4.0264696697695501E-003   47.907758648607370     
         193   4.2051478556074037E-003   50.240058104408867     
         194   4.3917463494349647E-003   52.624396720516785     
         195   4.5866154485875773E-003   55.054740971018852     
         196   4.7901208719171142E-003   57.524102422437679     
         197   5.0026444322534506E-003   60.024489521767585     
         198   5.2245847376043335E-003   62.546866124081589     
         199   5.4563579222687772E-003   65.081118674761640     
         200   5.6983984090821877E-003   67.616034152819751     
         201   5.9511597040557565E-003   70.139291060663467     
         202   6.2151152247182147E-003   72.637465903615379     
         203   6.4907591635142590E-003   75.096057729409750     
         204   6.7786073876617142E-003   77.499533382351473     
         205   7.0791983769180507E-003   79.831396155655412     
         206   7.3930942007561957E-003   82.074280484451052     
         207   7.7208815365002797E-003   84.210075195270178     
         208   8.0631727300229002E-003   86.220077599393690     
         209   8.4206069006578683E-003   88.085180370245624     
         210   8.7938510920345658E-003   89.786092663043163     
         211   9.1836014705938308E-003   91.303596302596048     
         212   9.5905845735984128E-003   92.618837069952718     
         213   1.0015558608505240E-002   93.713650150533752     
         214   1.0459314805620750E-002   94.570917661603900     
         215   1.0922678826014377E-002   95.174954856375763     
         216   1.1406512226719064E-002   95.511920114462626     
         217   1.1911713985301067E-002   95.570242198126678     
         218   1.2439222085933252E-002   95.341056515579098     
         219   1.2990015169158183E-002   94.818640308069803     
         220   1.3565114247576815E-002   94.000834866814301     
         221   1.4165584489747239E-002   92.889441124847963     
         222   1.4792537074624074E-002   91.490573373948422     
         223   1.5447131118913122E-002   89.814954725811432     
         224   1.6130575679756187E-002   87.878135870743748     
         225   1.6844131835198745E-002   85.700620697115028     
         226   1.7589114844926167E-002   83.307879667009473     
         227   1.8366896393782677E-002   80.730234612213280     
         228   1.9178906920610611E-002   78.002599867481067     
         229   2.0026638034964572E-002   75.164067541148654     
         230   2.0911645024265433E-002   72.257328591685166     
         231   2.1835549453961666E-002   69.327926317611244     
         232   2.2800041863259467E-002   66.423344841585475     
         233   2.3806884558967328E-002   63.591942089752933     
         234   2.4857914509974176E-002   60.881744452506638     
         235   2.5955046344842067E-002   58.339128521382882     
         236   2.7100275454942604E-002   56.007423683200791     
         237   2.8295681205500304E-002   53.925477518027321     
         238   2.9543430256824155E-002   52.126233398727955     
         239   3.0845779997909141E-002   50.635375923466626     
         240   3.2205082094470823E-002   49.470104234734663     
         241   3.3623786153336756E-002   48.638095436962899     
         242   3.5104443504955979E-002   48.136719580592754     
         243   3.6649711105601813E-002   47.952563814969984     
         244   3.8262355560628410E-002   48.061315901980173     
         245   3.9945257269900392E-002   48.428046328164541     
         246   4.1701414696240384E-002   49.007913758832515     
         247   4.3533948757432488E-002   49.747301087770616     
         248   4.5446107341976891E-002   50.585369196568351     
         249   4.7441269948408853E-002   51.455993799925906     
         250   4.9522952447572322E-002   52.290028357529053     
         251   5.1694811966772565E-002   53.017814539123940     
         252   5.3960651894217886E-002   53.571840814966443     
         253   5.6324427001598287E-002   53.889435871921933     
         254   5.8790248682033523E-002   53.915369942081973     
         255   6.1362390299953287E-002   53.604233082571682     
         256   6.4045292648743146E-002   52.922461382988232     
         257   6.6843569511202572E-002   51.849894838621964     
         258   6.9762013317007904E-002   50.380753236376513     
         259   7.2805600890456526E-002   48.523981146170911     
         260   7.5979499280781751E-002   46.302896375608753     
         261   7.9289071666273386E-002   43.754151290893375     
         262   8.2739883322309041E-002   40.926044139187283     
         263   8.6337707642202777E-002   37.876261874906142     
         264   9.0088532198500396E-002   34.669175156900238     
         265   9.3998564831001705E-002   31.372838979569092     
         266   9.8074239746366365E-002   28.055875561891320     
         267  0.10232222361266004        24.784426897436845     
         268  0.10674942163063063        21.619360937479108     
         269  0.11136298356186279        18.613897158571586     
         270  0.11617030969225478        15.811785172127433     
         271  0.12117905670749655        13.246126532025734     
         272  0.12639714345540620        10.938878870054566     
         273  0.13183275656811241        8.9010278556021376     
         274  0.13749435591516490        7.1333616358525864     
         275  0.14339067985671675        5.6277395505993031     
         276  0.14953075026397050        4.3687162989490167     
         277  0.15592387727212562        3.3353671176027087     
         278  0.16257966372912280        2.5031597395893765     
         279  0.16950800930157089        1.8457338175790556     
         280  0.17671911419738329        1.3364751446101555     
         281  0.18422348246286732       0.94980629303470465     
         282  0.19203192481032022       0.66215234397008893     
         283  0.20015556093062495       0.45257585840443848     
         284  0.20860582124392701       0.30310482682361806     
         285  0.21739444804024588       0.19879956733175785     
         286  0.22653349596086289       0.12761680896147956     
         287  0.23603533177056160        8.0133532566020904E-002
         288  0.24591263337031921        4.9189598134142254E-002
         289  0.25617838799988291        2.9499606510839958E-002
         290  0.26684588957986533        1.7272848631020341E-002
         291  0.27792873514357808        9.8678133425008675E-003
         292  0.28944082030984308        5.4962333226125024E-003
         293  0.30139633374950159        2.9821670632037417E-003
         294  0.31380975060032290        1.5746616531450998E-003
         295  0.32669582478752246        8.0813642016632490E-004
         296  0.34006958021016437        4.0243589976821223E-004
         297  0.35394630075737021        1.9400071915110539E-004
         298  0.36834151912249719        9.0220880675805299E-005
         299  0.38327100438830464        4.0264957663330424E-005
         300  0.39875074836159657        1.7101359280567934E-005
         301  0.41479695064191335        6.8184525505347641E-006
         302  0.43142600241553125        2.4899036191320391E-006
         303  0.44865446897329836        7.9745106742756004E-007
         304  0.46649907095865845        2.0125512003818909E-007
         305  0.48497666436054410        3.1226077135814519E-008
         306  0.50410421927461568        2.3363479604831472E-009
         307  0.52389879746550949        8.8395193249496357E-009
         308  0.54437752877226886        1.6972997615433084E-008
         309  0.56555758640887777        2.0782037705141233E-008
         310  0.58745616122170730        1.9484394206972740E-008
