#    2)  2s 1/2  max= 317 Rmax=  0.7623 En=   -432.03453179
           1   9.9999999999999995E-007   1.5288691692217178E-005
           2   1.0444225338938544E-006   1.6677193516418422E-005
           3   1.0908184287671121E-006   1.8191798179772161E-005
           4   1.1392753462419911E-006   1.9843958387225930E-005
           5   1.1898848420844152E-006   2.1646146191965508E-005
           6   1.2427425391910072E-006   2.3611948205050222E-005
           7   1.2979483082605334E-006   2.5756293189319321E-005
           8   1.3556064564911365E-006   2.8095365343016817E-005
           9   1.4158259246599110E-006   3.0646857252801166E-005
          10   1.4787204929571719E-006   3.3430057142935088E-005
          11   1.5444089959642569E-006   3.6466005720939794E-005
          12   1.6130155471811518E-006   3.9777654250934315E-005
          13   1.6846697735280171E-006   4.3390037847331941E-005
          14   1.7595070602637758E-006   4.7330464651488356E-005
          15   1.8376688067844433E-006   5.1628722152779173E-005
          16   1.9193026937845375E-006   5.6317302227128113E-005
          17   2.0045629622862911E-006   6.1431646589929373E-005
          18   2.0936107050638671E-006   6.7010414512268555E-005
          19   2.1866141710131623E-006   7.3095774817771213E-005
          20   2.2837490830423103E-006   7.9733724358721378E-005
          21   2.3851989700834204E-006   8.6974435369116028E-005
          22   2.4911555138528375E-006   9.4872634309055417E-005
          23   2.6018189110151385E-006   1.0348801505000704E-004
          24   2.7173982514350333E-006   1.1288568950802140E-004
          25   2.8381119132318184E-006   1.2313667911166662E-004
          26   2.9641879753828026E-006   1.3431845079675482E-004
          27   3.0958646486552469E-006   1.4651550155117597E-004
          28   3.2333907256808836E-006   1.5981999589632885E-004
          29   3.3770260510234638E-006   1.7433246108520167E-004
          30   3.5270420121273681E-006   1.9016254522423180E-004
          31   3.6837220520747815E-006   2.0742984399613800E-004
          32   3.8473622051202607E-006   2.2626480216751273E-004
          33   4.0182716560144502E-006   2.4680969661649920E-004
          34   4.1967733241735253E-006   2.6921970821980990E-004
          35   4.3832044737982416E-006   2.9366409059294576E-004
          36   4.5779173510950352E-006   3.2032744438599840E-004
          37   4.7812798498032010E-006   3.4941110661322237E-004
          38   4.9936762062853591E-006   3.8113466533567304E-004
          39   5.2155077254945083E-006   4.1573761092679408E-004
          40   5.4471935391891125E-006   4.5348113614452175E-004
          41   5.6891713978285905E-006   4.9465009830874159E-004
          42   5.9418984976454050E-006   5.3955515805181409E-004
          43   6.2058523444561578E-006   5.8853511037273043E-004
          44   6.4815316558434778E-006   6.4195942510420314E-004
          45   6.7694573034132758E-006   7.0023101538329636E-004
          46   7.0701732969073292E-006   7.6378925432546191E-004
          47   7.3842478120303456E-006   8.3311326184727673E-004
          48   7.7122742639330586E-006   9.0872548546340427E-004
          49   8.0548724283796165E-006   9.9119560090720903E-004
          50   8.4126896127169845E-006   1.0811447606263542E-003
          51   8.7864018788583490E-006   1.1792502205687069E-003
          52   9.1767153205913173E-006   1.2862503781964874E-003
          53   9.5843673976231480E-006   1.4029502574284260E-003
          54   1.0010128328883587E-005   1.5302274791206556E-003
          55   1.0454802547717105E-005   1.6690387588483963E-003
          56   1.0919230221713362E-005   1.8204269771138330E-003
          57   1.1404288840046840E-005   1.9855288706963261E-003
          58   1.1910894871324283E-005   2.1655833976760800E-003
          59   1.2440005495071078E-005   2.3619408327315702E-003
          60   1.2992620410127811E-005   2.5760726536138523E-003
          61   1.3569783723372270E-005   2.8095822842138986E-003
          62   1.4172585922334979E-005   3.0642167644672328E-003
          63   1.4802165935433750E-005   3.3418794222864734E-003
          64   1.5459713283719377E-005   3.6446436279447968E-003
          65   1.6146470328195645E-005   3.9747677167488900E-003
          66   1.6863734616959607E-005   4.3347111713391215E-003
          67   1.7612861336593900E-005   4.7271521606841423E-003
          68   1.8395265872442344E-005   5.1550065385203535E-003
          69   1.9212426482603670E-005   5.6214484096880710E-003
          70   2.0065887090693202E-005   6.1299323784907000E-003
          71   2.0957260202648391E-005   6.6842175985757524E-003
          72   2.1888229953084970E-005   7.2883937489549473E-003
          73   2.2860555286958465E-005   7.9469090653761284E-003
          74   2.3876073282538308E-005   8.6646005602508680E-003
          75   2.4936702621971499E-005   9.4467265674061853E-003
          76   2.6044447215987248E-005   1.0299001749917129E-002
          77   2.7201399989590050E-005   1.1227634709925291E-002
          78   2.8409746835887955E-005   1.2239368338186563E-002
          79   2.9671770745522310E-005   1.3341523038008302E-002
          80   3.0989856119497354E-005   1.4542042952737460E-002
          81   3.2366493273550663E-005   1.5849545317643755E-002
          82   3.3804283142572143E-005   1.7273373045528801E-002
          83   3.5305942193951068E-005   1.8823650640380392E-002
          84   3.6874307559129402E-005   2.0511343514555108E-002
          85   3.8512342393048592E-005   2.2348320761880314E-002
          86   4.0223141471607078E-005   2.4347421411877415E-002
          87   4.2009937037697452E-005   2.6522524159215459E-002
          88   4.3876104906856366E-005   2.8888620527620028E-002
          89   4.5825170844053913E-005   3.1461891390369041E-002
          90   4.7860817223659389E-005   3.4259786731292811E-002
          91   4.9986889985153051E-005   3.7301108494015717E-002
          92   5.2207405897711428E-005   4.0606096336544127E-002
          93   5.4526560147379929E-005   4.4196516088505111E-002
          94   5.6948734261146396E-005   4.8095750707585865E-002
          95   5.9478504382873435E-005   5.2328893559246553E-002
          96   6.2120649916704040E-005   5.6922843913652169E-002
          97   6.4880162554250228E-005   6.1906404682925083E-002
          98   6.7762255702597597E-005   6.7310382631896176E-002
          99   7.0772374330912288E-005   7.3167691613962652E-002
         100   7.3916205254226784E-005   7.9513459841112785E-002
         101   7.7199687873805487E-005   8.6385142829003697E-002
         102   8.0629025394346473E-005   9.3822644499701957E-002
         103   8.4210696539179967E-005  0.10186845000019837     
         104   8.7951467785555597E-005  0.11056777510369786     
         105   9.1858406143093888E-005  0.11996873853881408     
         106   9.5938892499498719E-005  0.13012256505164402     
         107   1.0020063555869154E-004  0.14108382804585443     
         108   1.0465168639764880E-004  0.15291074055056542     
         109   1.0930045366938259E-004  0.16566550104264499     
         110   1.1415571948072290E-004  0.17941469549601746     
         111   1.1922665597482588E-004  0.19422974939846022     
         112   1.2452284264966111E-004  0.21018741603978155     
         113   1.3005428444511110E-004  0.22737028834630454     
         114   1.3583143063276184E-004  0.24586732460158148     
         115   1.4186519454396728E-004  0.26577435966534113     
         116   1.4816697417335673E-004  0.28719454217058277     
         117   1.5474867369657977E-004  0.31023885714780747     
         118   1.6162272594281676E-004  0.33502659594577711     
         119   1.6880211586436193E-004  0.36168588677437719     
         120   1.7630040504746725E-004  0.39035425526460077     
         121   1.8413175731057591E-004  0.42117923367192056     
         122   1.9231096543812406E-004  0.45431901813746178     
         123   2.0085347910021336E-004  0.48994317511899399     
         124   2.0977543401067269E-004  0.52823339727235508     
         125   2.1909368237835788E-004  0.56938430930629702     
         126   2.2882582470895062E-004  0.61360432470147908     
         127   2.3899024301704533E-004  0.66111655453964968     
         128   2.4960613551095801E-004  0.71215976995992691     
         129   2.6069355281542835E-004  0.76698941993134295     
         130   2.7227343580028628E-004  0.82587870611121939     
         131   2.8436765508611876E-004  0.88911971655649435     
         132   2.9699905230113851E-004  0.95702461998394739     
         133   3.1019148316670139E-004   1.0299269221412795     
         134   3.2396986249232611E-004   1.1081827856581676     
         135   3.3836021116465315E-004   1.1921724144958876     
         136   3.5338970521846459E-004   1.2823015038011920     
         137   3.6908672708178060E-004   1.3790027555910536     
         138   3.8548091909108113E-004   1.4827374602413945     
         139   4.0260323937693025E-004   1.5939971432164664     
         140   4.2048602022467179E-004   1.7133052758468390     
         141   4.3916302901947428E-004   1.8412190482310404     
         142   4.5866953188977044E-004   1.9783312014885459     
         143   4.7904236016816900E-004   2.1252719156146820     
         144   5.0031997979409736E-004   2.2827107480688174     
         145   5.2254256378790316E-004   2.4513586169503103     
         146   5.4575206793180248E-004   2.6319698211657405     
         147   5.6999230979897799E-004   2.8253440883490883     
         148   5.9530905127832363E-004   3.0323286394442257     
         149   6.2175008474874222E-004   3.2538202567804286     
         150   6.4936532306365021E-004   3.4907673401422508     
         151   6.7820689351330489E-004   3.7441719327382428     
         152   7.0832923593991534E-004   4.0150916960861709     
         153   7.3978920518806383E-004   4.3046418096333152     
         154   7.7264617808093421E-004   4.6139967674009039     
         155   8.0696216512109750E-004   4.9443920400577097     
         156   8.4280192712322846E-004   5.2971255665748549     
         157   8.8023309699511779E-004   5.6735590349684859     
         158   9.1932630689269999E-004   6.0751189065905331     
         159   9.6015532098459228E-004   6.5032971329647538     
         160   1.0027971740717858E-003   6.9596515082797836     
         161   1.0473323163187323E-003   7.4458055943443835     
         162   1.0938447643631156E-003   7.9634481480853578     
         163   1.1424222590830666E-003   8.5143319745469661     
         164   1.1931564303125700E-003   9.1002721208516686     
         165   1.2461429688082595E-003   9.7231433187552518     
         166   1.3014818057837906E-003   10.384876575322561     
         167   1.3592773003414647E-003   11.087454802946821     
         168   1.4196384351448737E-003   11.832907371526986     
         169   1.4826790206909173E-003   12.623303457230861     
         170   1.5485179085548194E-003   13.460744054061559     
         171   1.6172792139975886E-003   14.347352506590855     
         172   1.6890925483418054E-003   15.285263414959864     
         173   1.7640932615388227E-003   16.276609756835494     
         174   1.8424226953682127E-003   17.323508065768038     
         175   1.9242284477288376E-003   18.428041501689911     
         176   2.0096646485001494E-003   19.592240647551446     
         177   2.0988922474723341E-003   20.818061866791517     
         178   2.1920793148646357E-003   22.107363060041212     
         179   2.2894013549728354E-003   23.461876666777250     
         180   2.3910416335091306E-003   24.883179769262320     
         181   2.4971915192210257E-003   26.372661172796423     
         182   2.6080508403998363E-003   27.931485358876539     
         183   2.7238282569144625E-003   29.560553237209124     
         184   2.8447416484320104E-003   31.260459659587831     
         185   2.9710185195136827E-003   33.031447704410105     
         186   3.1028964223022040E-003   34.873359796075263     
         187   3.2406233975458697E-003   36.785585789678670     
         188   3.3844584347341323E-003   38.767008229270004     
         189   3.5346719521505551E-003   40.815945078365480     
         190   3.6915462976808049E-003   42.930090325191792     
         191   3.8553762712464838E-003   45.106452982859430     
         192   4.0264696697695501E-003   47.341295136702463     
         193   4.2051478556074037E-003   49.630069837350518     
         194   4.3917463494349647E-003   51.967359798350650     
         195   4.5866154485875773E-003   54.346818030341353     
         196   4.7901208719171142E-003   56.761111728356276     
         197   5.0026444322534506E-003   59.201870922372720     
         198   5.2245847376043335E-003   61.659643600511764     
         199   5.4563579222687772E-003   64.123859214933461     
         200   5.6983984090821877E-003   66.582802677056634     
         201   5.9511597040557565E-003   69.023601134329027     
         202   6.2151152247182147E-003   71.432225987327385     
         203   6.4907591635142590E-003   73.793512743599038     
         204   6.7786073876617142E-003   76.091201402370501     
         205   7.0791983769180507E-003   78.308000109118183     
         206   7.3930942007561957E-003   80.425674797237505     
         207   7.7208815365002797E-003   82.425167430115636     
         208   8.0631727300229002E-003   84.286745255112052     
         209   8.4206069006578683E-003   85.990183164423030     
         210   8.7938510920345658E-003   87.514980810846140     
         211   9.1836014705938308E-003   88.840615533398221     
         212   9.5905845735984128E-003   89.946831396121638     
         213   1.0015558608505240E-002   90.813963722697011     
         214   1.0459314805620750E-002   91.423297415419498     
         215   1.0922678826014377E-002   91.757456079406225     
         216   1.1406512226719064E-002   91.800817539253558     
         217   1.1911713985301067E-002   91.539949757800301     
         218   1.2439222085933252E-002   90.964059477410999     
         219   1.2990015169158183E-002   90.065444122319164     
         220   1.3565114247576815E-002   88.839935721153068     
         221   1.4165584489747239E-002   87.287323863835908     
         222   1.4792537074624074E-002   85.411743106991082     
         223   1.5447131118913122E-002   83.222009078211357     
         224   1.6130575679756187E-002   80.731885396585980     
         225   1.6844131835198745E-002   77.960265427352525     
         226   1.7589114844926167E-002   74.931250061783572     
         227   1.8366896393782677E-002   71.674105265163803     
         228   1.9178906920610611E-002   68.223084107631237     
         229   2.0026638034964572E-002   64.617100524325537     
         230   2.0911645024265433E-002   60.899245495472535     
         231   2.1835549453961666E-002   57.116140777295293     
         232   2.2800041863259467E-002   53.317130720400449     
         233   2.3806884558967328E-002   49.553319004123871     
         234   2.4857914509974176E-002   45.876464128408742     
         235   2.5955046344842067E-002   42.337755020242000     
         236   2.7100275454942604E-002   38.986495817475756     
         237   2.8295681205500304E-002   35.868736430139784     
         238   2.9543430256824155E-002   33.025892406551485     
         239   3.0845779997909141E-002   30.493403502361737     
         240   3.2205082094470823E-002   28.299484637824904     
         241   3.3623786153336756E-002   26.464025246287036     
         242   3.5104443504955979E-002   24.997692796574000     
         243   3.6649711105601813E-002   23.901293359053263     
         244   3.8262355560628410E-002   23.165436093861079     
         245   3.9945257269900392E-002   22.770539499116573     
         246   4.1701414696240384E-002   22.687205237871368     
         247   4.3533948757432488E-002   22.876970719372395     
         248   4.5446107341976891E-002   23.293434800311232     
         249   4.7441269948408853E-002   23.883732761351531     
         250   4.9522952447572322E-002   24.590317953084444     
         251   5.1694811966772565E-002   25.352989241076660     
         252   5.3960651894217886E-002   26.111086712258015     
         253   5.6324427001598287E-002   26.805764192179986     
         254   5.8790248682033523E-002   27.382237063906743     
         255   6.1362390299953287E-002   27.791898681990933     
         256   6.4045292648743146E-002   27.994199142315672     
         257   6.6843569511202572E-002   27.958189515879539     
         258   6.9762013317007904E-002   27.663632034882603     
         259   7.2805600890456526E-002   27.101634524894624     
         260   7.5979499280781751E-002   26.274742256335447     
         261   7.9289071666273386E-002   25.196486051191290     
         262   8.2739883322309041E-002   23.890403452596058     
         263   8.6337707642202777E-002   22.388584750771084     
         264   9.0088532198500396E-002   20.729826664520520     
         265   9.3998564831001705E-002   18.957503188798416     
         266   9.8074239746366365E-002   17.117283035563144     
         267  0.10232222361266004        15.254834051072715     
         268  0.10674942163063063        13.413655456877118     
         269  0.11136298356186279        11.633168094811051     
         270  0.11617030969225478        9.9471715155877156     
         271  0.12117905670749655        8.3827463568293705     
         272  0.12639714345540620        6.9596437217376659     
         273  0.13183275656811241        5.6901637424211575     
         274  0.13749435591516490        4.5794871785845324     
         275  0.14339067985671675        3.6263906818779383     
         276  0.14953075026397050        2.8242515624915194     
         277  0.15592387727212562        2.1622337884540221     
         278  0.16257966372912280        1.6265443837674851     
         279  0.16950800930157089        1.2016577997192073     
         280  0.17671911419738329       0.87142321129735278     
         281  0.18422348246286732       0.61999320495143206     
         282  0.19203192481032022       0.43253840402473598     
         283  0.20015556093062495       0.29573815705092954     
         284  0.20860582124392701       0.19805902844932519     
         285  0.21739444804024588       0.12984970963060613     
         286  0.22653349596086289        8.3290524975858357E-002
         287  0.23603533177056160        5.2239880014825851E-002
         288  0.24591263337031921        3.2018277419803343E-002
         289  0.25617838799988291        1.9165141143980859E-002
         290  0.26684588957986533        1.1195971014036910E-002
         291  0.27792873514357808        6.3789175351808116E-003
         292  0.28944082030984308        3.5419279267889709E-003
         293  0.30139633374950159        1.9149944563132937E-003
         294  0.31380975060032290        1.0071319664167310E-003
         295  0.32669582478752246        5.1456123816322251E-004
         296  0.34006958021016437        2.5496160451038690E-004
         297  0.35394630075737021        1.2222349976109974E-004
         298  0.36834151912249719        5.6486185392692410E-005
         299  0.38327100438830464        2.5031548233469572E-005
         300  0.39875074836159657        1.0544871615103092E-005
         301  0.41479695064191335        4.1621571124041508E-006
         302  0.43142600241553125        1.4999113840471018E-006
         303  0.44865446897329836        4.6872084167729772E-007
         304  0.46649907095865845        1.1240853889872729E-007
         305  0.48497666436054410        1.3546522277509123E-008
         306  0.50410421927461568        5.9653517656638002E-010
         307  0.52389879746550949        8.8137485995258994E-009
         308  0.54437752877226886        1.6972575573527996E-008
         309  0.56555758640887777        2.0781909303165425E-008
         310  0.58745616122170730        1.9483789080103270E-008
         311  0.61009043497560855        1.6468971595251104E-008
         312  0.63347755275023510        1.1212201947162028E-008
         313  0.65763459453782902        4.6967219207010548E-009
         314  0.68257854614303637        1.2662868906451942E-009
         315  0.70832626949419708        2.8493072183078920E-010
         316  0.73489447248385187        6.1028876619888122E-011
         317  0.76229967846379909        2.8135753418131495E-012
