#    5)  3s 1/2  max= 335 Rmax=  1.4157 En=   -101.44218311
           1   9.9999999999999995E-007   1.5826721762272948E-005
           2   1.0444225338938544E-006   1.7264086873748432E-005
           3   1.0908184287671121E-006   1.8831992556582500E-005
           4   1.1392753462419911E-006   2.0542294552149714E-005
           5   1.1898848420844152E-006   2.2407903938548322E-005
           6   1.2427425391910072E-006   2.4442885683162502E-005
           7   1.2979483082605334E-006   2.6662693544608404E-005
           8   1.3556064564911365E-006   2.9084081439094029E-005
           9   1.4158259246599110E-006   3.1725364545353552E-005
          10   1.4787204929571719E-006   3.4606509894666529E-005
          11   1.5444089959642569E-006   3.7749298670579880E-005
          12   1.6130155471811518E-006   4.1177489851755298E-005
          13   1.6846697735280171E-006   4.4916999605240184E-005
          14   1.7595070602637758E-006   4.8996097121122894E-005
          15   1.8376688067844433E-006   5.3445618195117757E-005
          16   1.9193026937845375E-006   5.8299198187417234E-005
          17   2.0045629622862911E-006   6.3593526114478873E-005
          18   2.0936107050638671E-006   6.9368621787744818E-005
          19   2.1866141710131623E-006   7.5668138087630422E-005
          20   2.2837490830423103E-006   8.2539690648829431E-005
          21   2.3851989700834204E-006   9.0035217439007529E-005
          22   2.4911555138528375E-006   9.8211370937317577E-005
          23   2.6018189110151385E-006   1.0712994586259683E-004
          24   2.7173982514350333E-006   1.1685834566770823E-004
          25   2.8381119132318184E-006   1.2747009130602811E-004
          26   2.9641879753828026E-006   1.3904537609213659E-004
          27   3.0958646486552469E-006   1.5167167082168784E-004
          28   3.2333907256808836E-006   1.6544438369138037E-004
          29   3.3770260510234638E-006   1.8046757996737845E-004
          30   3.5270420121273681E-006   1.9685476679267994E-004
          31   3.6837220520747815E-006   2.1472974901050063E-004
          32   3.8473622051202607E-006   2.3422756240520587E-004
          33   4.0182716560144502E-006   2.5549549133330743E-004
          34   4.1967733241735253E-006   2.7869417834221292E-004
          35   4.3832044737982416E-006   3.0399883405207755E-004
          36   4.5779173510950352E-006   3.3160055630963229E-004
          37   4.7812798498032010E-006   3.6170776842596800E-004
          38   4.9936762062853591E-006   3.9454778718098888E-004
          39   5.2155077254945083E-006   4.3036853221996004E-004
          40   5.4471935391891125E-006   4.6944038949623952E-004
          41   5.6891713978285905E-006   5.1205824252746406E-004
          42   5.9418984976454050E-006   5.5854368644251567E-004
          43   6.2058523444561578E-006   6.0924744110400428E-004
          44   6.4815316558434778E-006   6.6455198101825045E-004
          45   6.7694573034132758E-006   7.2487440127835779E-004
          46   7.0701732969073292E-006   7.9066954045195394E-004
          47   7.3842478120303456E-006   8.6243338313209128E-004
          48   7.7122742639330586E-006   9.4070676681634428E-004
          49   8.0548724283796165E-006   1.0260794198745391E-003
          50   8.4126896127169845E-006   1.1191943596449733E-003
          51   8.7864018788583490E-006   1.2207526821463458E-003
          52   9.1767153205913173E-006   1.3315187775045163E-003
          53   9.5843673976231480E-006   1.4523260080520893E-003
          54   1.0010128328883587E-005   1.5840828890728378E-003
          55   1.0454802547717105E-005   1.7277798154254535E-003
          56   1.0919230221713362E-005   1.8844963807631769E-003
          57   1.1404288840046840E-005   2.0554093397834074E-003
          58   1.1910894871324283E-005   2.2418012678912364E-003
          59   1.2440005495071078E-005   2.4450699768736794E-003
          60   1.2992620410127811E-005   2.6667387496362659E-003
          61   1.3569783723372270E-005   2.9084674617266184E-003
          62   1.4172585922334979E-005   3.1720646623677683E-003
          63   1.4802165935433750E-005   3.4595006928461089E-003
          64   1.5459713283719377E-005   3.7729219255161726E-003
          65   1.6146470328195645E-005   4.1146662122915059E-003
          66   1.6863734616959607E-005   4.4872796371857662E-003
          67   1.7612861336593900E-005   4.8935346733998807E-003
          68   1.8395265872442344E-005   5.3364498513367113E-003
          69   1.9212426482603670E-005   5.8193110498288431E-003
          70   2.0065887090693202E-005   6.3456945287407420E-003
          71   2.0957260202648391E-005   6.9194918266712287E-003
          72   2.1888229953084970E-005   7.5449366527831829E-003
          73   2.2860555286958465E-005   8.2266339065478842E-003
          74   2.3876073282538308E-005   8.9695909633259012E-003
          75   2.4936702621971499E-005   9.7792513668828879E-003
          76   2.6044447215987248E-005   1.0661531072000848E-002
          77   2.7201399989590050E-005   1.1622857381020237E-002
          78   2.8409746835887955E-005   1.2670210716951168E-002
          79   2.9671770745522310E-005   1.3811169372604699E-002
          80   3.0989856119497354E-005   1.5053957369507709E-002
          81   3.2366493273550663E-005   1.6407495551759979E-002
          82   3.3804283142572143E-005   1.7881456028079314E-002
          83   3.5305942193951068E-005   1.9486320059745068E-002
          84   3.6874307559129402E-005   2.1233439472654898E-002
          85   3.8512342393048592E-005   2.3135101647809578E-002
          86   4.0223141471607078E-005   2.5204598116396762E-002
          87   4.2009937037697452E-005   2.7456296753456226E-002
          88   4.3876104906856366E-005   2.9905717527997137E-002
          89   4.5825170844053913E-005   3.2569611729031341E-002
          90   4.7860817223659389E-005   3.5466044547418737E-002
          91   4.9986889985153051E-005   3.8614480855949401E-002
          92   5.2207405897711428E-005   4.2035873998351340E-002
          93   5.4526560147379929E-005   4.5752757377384184E-002
          94   5.6948734261146396E-005   4.9789338631347844E-002
          95   5.9478504382873435E-005   5.4171596216768717E-002
          96   6.2120649916704040E-005   5.8927378287278918E-002
          97   6.4880162554250228E-005   6.4086503892310326E-002
          98   6.7762255702597597E-005   6.9680866736584898E-002
          99   7.0772374330912288E-005   7.5744542070892595E-002
         100   7.3916205254226784E-005   8.2313897758082580E-002
         101   7.7199687873805487E-005   8.9427711212182834E-002
         102   8.0629025394346473E-005   9.7127294779944889E-002
         103   8.4210696539179967E-005  0.10545663324778237     
         104   8.7951467785555597E-005  0.11446253851290809     
         105   9.1858406143093888E-005  0.12419482798961883     
         106   9.5938892499498719E-005  0.13470653483694331     
         107   1.0020063555869154E-004  0.14605415917804246     
         108   1.0465168639764880E-004  0.15829796939496507     
         109   1.0930045366938259E-004  0.17150236029569155     
         110   1.1415571948072290E-004  0.18573626962200487     
         111   1.1922665597482588E-004  0.20107364644080750     
         112   1.2452284264966111E-004  0.21759395718127128     
         113   1.3005428444511110E-004  0.23538271597664864     
         114   1.3583143063276184E-004  0.25453202912644862     
         115   1.4186519454396728E-004  0.27514112430376569     
         116   1.4816697417335673E-004  0.29731680305414976     
         117   1.5474867369657977E-004  0.32117398187518609     
         118   1.6162272594281676E-004  0.34683617891412721     
         119   1.6880211586436193E-004  0.37443606358255138     
         120   1.7630040504746725E-004  0.40411603735338175     
         121   1.8413175731057591E-004  0.43602886499256188     
         122   1.9231096543812406E-004  0.47033835560829956     
         123   2.0085347910021336E-004  0.50722009467196361     
         124   2.0977543401067269E-004  0.54686222731132539     
         125   2.1909368237835788E-004  0.58946629343152068     
         126   2.2882582470895062E-004  0.63524811560198169     
         127   2.3899024301704533E-004  0.68443874101710200     
         128   2.4960613551095801E-004  0.73728543912055544     
         129   2.6069355281542835E-004  0.79405275666357666     
         130   2.7227343580028628E-004  0.85502363205320608     
         131   2.8436765508611876E-004  0.92050057084696024     
         132   2.9699905230113851E-004  0.99080688418022522     
         133   3.1019148316670139E-004   1.0662879917780812     
         134   3.2396986249232611E-004   1.1473127910084218     
         135   3.3836021116465315E-004   1.2342750931793687     
         136   3.5338970521846459E-004   1.3275951279663945     
         137   3.6908672708178060E-004   1.4277211164693493     
         138   3.8548091909108113E-004   1.5351309129384476     
         139   4.0260323937693025E-004   1.6503337146623966     
         140   4.2048602022467179E-004   1.7738718388718875     
         141   4.3916302901947428E-004   1.9063225647654012     
         142   4.5866953188977044E-004   2.0483000379013672     
         143   4.7904236016816900E-004   2.2004572332055434     
         144   5.0031997979409736E-004   2.3634879717026323     
         145   5.2254256378790316E-004   2.5381289847808080     
         146   5.4575206793180248E-004   2.7251620183204532     
         147   5.6999230979897799E-004   2.9254159673470701     
         148   5.9530905127832363E-004   3.1397690299832672     
         149   6.2175008474874222E-004   3.3691508673602097     
         150   6.4936532306365021E-004   3.6145447537802897     
         151   6.7820689351330489E-004   3.8769896987836878     
         152   7.0832923593991534E-004   4.1575825198393961     
         153   7.3978920518806383E-004   4.4574798411343934     
         154   7.7264617808093421E-004   4.7778999903552117     
         155   8.0696216512109750E-004   5.1201247614208478     
         156   8.4280192712322846E-004   5.4855010068211998     
         157   8.8023309699511779E-004   5.8754420185189771     
         158   9.1932630689269999E-004   6.2914286512780011     
         159   9.6015532098459228E-004   6.7350101367738500     
         160   1.0027971740717858E-003   7.2078045309200833     
         161   1.0473323163187323E-003   7.7114987305099731     
         162   1.0938447643631156E-003   8.2478479885356446     
         163   1.1424222590830666E-003   8.8186748504306234     
         164   1.1931564303125700E-003   9.4258674260121005     
         165   1.2461429688082595E-003   10.071376904133041     
         166   1.3014818057837906E-003   10.757214209046010     
         167   1.3592773003414647E-003   11.485445689324532     
         168   1.4196384351448737E-003   12.258187721984331     
         169   1.4826790206909173E-003   13.077600106337423     
         170   1.5485179085548194E-003   13.945878114264232     
         171   1.6172792139975886E-003   14.865243056201146     
         172   1.6890925483418054E-003   15.837931215464893     
         173   1.7640932615388227E-003   16.866180997855572     
         174   1.8424226953682127E-003   17.952218139136665     
         175   1.9242284477288376E-003   19.098238810382473     
         176   2.0096646485001494E-003   20.306390460762316     
         177   2.0988922474723341E-003   21.578750239618518     
         178   2.1920793148646357E-003   22.917300845278067     
         179   2.2894013549728354E-003   24.323903657579056     
         180   2.3910416335091306E-003   25.800269025315632     
         181   2.4971915192210257E-003   27.347923599523526     
         182   2.6080508403998363E-003   28.968174629603105     
         183   2.7238282569144625E-003   30.662071172650617     
         184   2.8447416484320104E-003   32.430362208025002     
         185   2.9710185195136827E-003   34.273451700144037     
         186   3.1028964223022040E-003   36.191350713820995     
         187   3.2406233975458697E-003   38.183626759158983     
         188   3.3844584347341323E-003   40.249350628098171     
         189   3.5346719521505551E-003   42.387041083063316     
         190   3.6915462976808049E-003   44.594607870544920     
         191   3.8553762712464838E-003   46.869293659400796     
         192   4.0264696697695501E-003   49.207615645461026     
         193   4.2051478556074037E-003   51.605307720516819     
         194   4.3917463494349647E-003   54.057264274380856     
         195   4.5866154485875773E-003   56.557486882198191     
         196   4.7901208719171142E-003   59.099035323628634     
         197   5.0026444322534506E-003   61.673984583071999     
         198   5.2245847376043335E-003   64.273389686933641     
         199   5.4563579222687772E-003   66.887260439962475     
         200   5.6983984090821877E-003   69.504548321608695     
         201   5.9511597040557565E-003   72.113147987229013     
         202   6.2151152247182147E-003   74.699915978444935     
         203   6.4907591635142590E-003   77.250709370796940     
         204   6.7786073876617142E-003   79.750447162277652     
         205   7.0791983769180507E-003   82.183197218667956     
         206   7.3930942007561957E-003   84.532291524837078     
         207   7.7208815365002797E-003   86.780472327595831     
         208   8.0631727300229002E-003   88.910071477003612     
         209   8.4206069006578683E-003   90.903224859978167     
         210   8.7938510920345658E-003   92.742123254165350     
         211   9.1836014705938308E-003   94.409300193355222     
         212   9.5905845735984128E-003   95.887956513361402     
         213   1.0015558608505240E-002   97.162320127161266     
         214   1.0459314805620750E-002   98.218038254634180     
         215   1.0922678826014377E-002   99.042597805394564     
         216   1.1406512226719064E-002   99.625767891534835     
         217   1.1911713985301067E-002   99.960056556293509     
         218   1.2439222085933252E-002   100.04117178252456     
         219   1.2990015169158183E-002   99.868474716954026     
         220   1.3565114247576815E-002   99.445410921952089     
         221   1.4165584489747239E-002   98.779903390969295     
         222   1.4792537074624074E-002   97.884689168418419     
         223   1.5447131118913122E-002   96.777580015531356     
         224   1.6130575679756187E-002   95.481625284517207     
         225   1.6844131835198745E-002   94.025157042466901     
         226   1.7589114844926167E-002   92.441694802220169     
         227   1.8366896393782677E-002   90.769690120460737     
         228   1.9178906920610611E-002   89.052092901083753     
         229   2.0026638034964572E-002   87.335724682693268     
         230   2.0911645024265433E-002   85.670448890434457     
         231   2.1835549453961666E-002   84.108134119142605     
         232   2.2800041863259467E-002   82.701413985461585     
         233   2.3806884558967328E-002   81.502255877370231     
         234   2.4857914509974176E-002   80.560360866986599     
         235   2.5955046344842067E-002   79.921427882450587     
         236   2.7100275454942604E-002   79.625326571267863     
         237   2.8295681205500304E-002   79.704234657271115     
         238   2.9543430256824155E-002   80.180806388651035     
         239   3.0845779997909141E-002   81.066448232014011     
         240   3.2205082094470823E-002   82.359785486128857     
         241   3.3623786153336756E-002   84.045408261205921     
         242   3.5104443504955979E-002   86.092986356494578     
         243   3.6649711105601813E-002   88.456839410412925     
         244   3.8262355560628410E-002   91.076040543872608     
         245   3.9945257269900392E-002   93.875118213190106     
         246   4.1701414696240384E-002   96.765401724691856     
         247   4.3533948757432488E-002   99.647031379969192     
         248   4.5446107341976891E-002   102.41162442363316     
         249   4.7441269948408853E-002   104.94555418025220     
         250   4.9522952447572322E-002   107.13376300799891     
         251   5.1694811966772565E-002   108.86399205062877     
         252   5.3960651894217886E-002   110.03127262391523     
         253   5.6324427001598287E-002   110.54249334546827     
         254   5.8790248682033523E-002   110.32082524854756     
         255   6.1362390299953287E-002   109.30977399529012     
         256   6.4045292648743146E-002   107.47661698576121     
         257   6.6843569511202572E-002   104.81499506738469     
         258   6.9762013317007904E-002   101.34643531725325     
         259   7.2805600890456526E-002   97.120659524399926     
         260   7.5979499280781751E-002   92.214539208402584     
         261   7.9289071666273386E-002   86.729665528657947     
         262   8.2739883322309041E-002   80.788571283086611     
         263   8.6337707642202777E-002   74.529734396219595     
         264   9.0088532198500396E-002   68.101583047627088     
         265   9.3998564831001705E-002   61.655806777232073     
         266   9.8074239746366365E-002   55.340347559232050     
         267  0.10232222361266004        49.292492130075551     
         268  0.10674942163063063        43.632505006942935     
         269  0.11136298356186279        38.458225839681788     
         270  0.11617030969225478        33.841003078123755     
         271  0.12117905670749655        29.823249997089292     
         272  0.12639714345540620        26.417794315090294     
         273  0.13183275656811241        23.609057993645060     
         274  0.13749435591516490        21.355961253130292     
         275  0.14339067985671675        19.596308025617255     
         276  0.14953075026397050        18.252292768383647     
         277  0.15592387727212562        17.236683005613486     
         278  0.16257966372912280        16.459187189326546     
         279  0.16950800930157089        15.832518159952951     
         280  0.17671911419738329        15.277708203491262     
         281  0.18422348246286732        14.728322490729010     
         282  0.19203192481032022        14.133299803317772     
         283  0.20015556093062495        13.458366488038946     
         284  0.20860582124392701        12.685990742667951     
         285  0.21739444804024588        11.814055084443964     
         286  0.22653349596086289        10.853491523631993     
         287  0.23603533177056160        9.8251994426921403     
         288  0.24591263337031921        8.7565985513867712     
         289  0.25617838799988291        7.6781642681738571     
         290  0.26684588957986533        6.6202536516817698     
         291  0.27792873514357808        5.6104636751857502     
         292  0.28944082030984308        4.6716798010958573     
         293  0.30139633374950159        3.8208824493822782     
         294  0.31380975060032290        3.0686929879115175     
         295  0.32669582478752246        2.4195687977527514     
         296  0.34006958021016437        1.8725056538893596     
         297  0.35394630075737021        1.4220785829743958     
         298  0.36834151912249719        1.0596493353596463     
         299  0.38327100438830464       0.77458619406016038     
         300  0.39875074836159657       0.55537416119041372     
         301  0.41479695064191335       0.39053363535164576     
         302  0.43142600241553125       0.26930653311019725     
         303  0.44865446897329836       0.18210489993456097     
         304  0.46649907095865845       0.12074439595842866     
         305  0.48497666436054410        7.8502485567211899E-002
         306  0.50410421927461568        5.0048416344795600E-002
         307  0.52389879746550949        3.1291741652120973E-002
         308  0.54437752877226886        1.9189787499144590E-002
         309  0.56555758640887777        1.1545464190015594E-002
         310  0.58745616122170730        6.8169427521449057E-003
         311  0.61009043497560855        3.9516879519504462E-003
         312  0.63347755275023510        2.2501613247503378E-003
         313  0.65763459453782902        1.2593740829171375E-003
         314  0.68257854614303637        6.9331250260101654E-004
         315  0.70832626949419708        3.7575559463847021E-004
         316  0.73489447248385187        2.0067217750716543E-004
         317  0.76229967846379909        1.0570389929665369E-004
         318  0.79055819552679152        5.4968329982307971E-005
         319  0.81968608571276125        2.8240445041966459E-005
         320  0.84969913428220201        1.4339482445528835E-005
         321  0.88061281920291357        7.1945073100420306E-006
         322  0.91244228099864078        3.5625603422955805E-006
         323  0.94520229310915238        1.7365971955640343E-006
         324  0.97890723291094928        8.2940604219085267E-007
         325   1.0135710535460367        3.8524302877693705E-007
         326   1.0492072567030306        1.7180844375965651E-007
         327   1.0858288664903002        7.2425867009156423E-008
         328   1.1234484045349220        2.7875111201189587E-008
         329   1.1620778664339710        9.5920194636974603E-009
         330   1.2017286996761933        2.8280234751170558E-009
         331   1.2424117831424784        7.7328972609670960E-010
         332   1.2841374082828965        2.2673926556412223E-010
         333   1.3269152620565035        6.8267271591712958E-011
         334   1.3707544117078110        1.0974456400171453E-011
         335   1.4156632914408924        3.0533180217510230E-012
