#    1)  1s 1/2  max= 288 Rmax=  0.2459 En=  -2480.37845955
           1   9.9999999999999995E-007   1.3385996345921557E-005
           2   1.0444225338938544E-006   1.4601697513877281E-005
           3   1.0908184287671121E-006   1.5927807876979281E-005
           4   1.1392753462419911E-006   1.7374354837818200E-005
           5   1.1898848420844152E-006   1.8952258288202228E-005
           6   1.2427425391910072E-006   2.0673413970281364E-005
           7   1.2979483082605334E-006   2.2550892747792933E-005
           8   1.3556064564911365E-006   2.4598864675695140E-005
           9   1.4158259246599110E-006   2.6832820479750096E-005
          10   1.4787204929571719E-006   2.9269647943071742E-005
          11   1.5444089959642569E-006   3.1927769234202209E-005
          12   1.6130155471811518E-006   3.4827279307465391E-005
          13   1.6846697735280171E-006   3.7990097630261996E-005
          14   1.7595070602637758E-006   4.1440133816508313E-005
          15   1.8376688067844433E-006   4.5203468270900687E-005
          16   1.9193026937845375E-006   4.9308549221235470E-005
          17   2.0045629622862911E-006   5.3786407624547238E-005
          18   2.0936107050638671E-006   5.8670891565874600E-005
          19   2.1866141710131623E-006   6.3998921915928302E-005
          20   2.2837490830423103E-006   6.9810771172685223E-005
          21   2.3851989700834204E-006   7.6150367586188248E-005
          22   2.4911555138528375E-006   8.3065626855593913E-005
          23   2.6018189110151385E-006   9.0608813893386088E-005
          24   2.7173982514350333E-006   9.8836937377164510E-005
          25   2.8381119132318184E-006   1.0781218005430047E-004
          26   2.9641879753828026E-006   1.1760236803206429E-004
          27   3.0958646486552469E-006   1.2828148257585130E-004
          28   3.2333907256808836E-006   1.3993021825611294E-004
          29   3.3770260510234638E-006   1.5263659162918661E-004
          30   3.5270420121273681E-006   1.6649660501115009E-004
          31   3.6837220520747815E-006   1.8161497031539482E-004
          32   3.8473622051202607E-006   1.9810589836816755E-004
          33   4.0182716560144502E-006   2.1609395959923519E-004
          34   4.1967733241735253E-006   2.3571502253360885E-004
          35   4.3832044737982416E-006   2.5711727708341054E-004
          36   4.5779173510950352E-006   2.8046235025932630E-004
          37   4.7812798498032010E-006   3.0592652260035918E-004
          38   4.9936762062853591E-006   3.3370205435704660E-004
          39   5.2155077254945083E-006   3.6399863126059234E-004
          40   5.4471935391891125E-006   3.9704494058040955E-004
          41   5.6891713978285905E-006   4.3309038911404986E-004
          42   5.9418984976454050E-006   4.7240697577694636E-004
          43   6.2058523444561578E-006   5.1529133256512124E-004
          44   6.4815316558434778E-006   5.6206694887122146E-004
          45   6.7694573034132758E-006   6.1308659543125703E-004
          46   7.0701732969073292E-006   6.6873496558847781E-004
          47   7.3842478120303456E-006   7.2943155308912301E-004
          48   7.7122742639330586E-006   7.9563378727110889E-004
          49   8.0548724283796165E-006   8.6784044827887879E-004
          50   8.4126896127169845E-006   9.4659538686565512E-004
          51   8.7864018788583490E-006   1.0324915754142999E-003
          52   9.1767153205913173E-006   1.1261755190168745E-003
          53   9.5843673976231480E-006   1.2283520578713414E-003
          54   1.0010128328883587E-005   1.3397895948028462E-003
          55   1.0454802547717105E-005   1.4613257844764956E-003
          56   1.0919230221713362E-005   1.5938737238137466E-003
          57   1.1404288840046840E-005   1.7384286862688620E-003
          58   1.1910894871324283E-005   1.8960754459626885E-003
          59   1.2440005495071078E-005   2.0679962412344538E-003
          60   1.2992620410127811E-005   2.2554794309404278E-003
          61   1.3569783723372270E-005   2.4599289007806295E-003
          62   1.4172585922334979E-005   2.6828742811631644E-003
          63   1.4802165935433750E-005   2.9259820424478869E-003
          64   1.5459713283719377E-005   3.1910675379939121E-003
          65   1.6146470328195645E-005   3.4801080701789638E-003
          66   1.6863734616959607E-005   3.7952570593755832E-003
          67   1.7612861336593900E-005   4.1388594008882817E-003
          68   1.8395265872442344E-005   4.5134680998347920E-003
          69   1.9212426482603670E-005   4.9218622789500817E-003
          70   2.0065887090693202E-005   5.3670666592644184E-003
          71   2.0957260202648391E-005   5.8523726183157543E-003
          72   2.1888229953084970E-005   6.3813609350441211E-003
          73   2.2860555286958465E-005   6.9579263345463391E-003
          74   2.3876073282538308E-005   7.5863039493720219E-003
          75   2.4936702621971499E-005   8.2710978167347213E-003
          76   2.6044447215987248E-005   9.0173115327642529E-003
          77   2.7201399989590050E-005   9.8303811855070967E-003
          78   2.8409746835887955E-005   1.0716210687380044E-002
          79   2.9671770745522310E-005   1.1681209625100764E-002
          80   3.0989856119497354E-005   1.2732333740325553E-002
          81   3.2366493273550663E-005   1.3877128146966346E-002
          82   3.3804283142572143E-005   1.5123773381106733E-002
          83   3.5305942193951068E-005   1.6481134366325399E-002
          84   3.6874307559129402E-005   1.7958812360780663E-002
          85   3.8512342393048592E-005   1.9567199932233867E-002
          86   4.0223141471607078E-005   2.1317538983432298E-002
          87   4.2009937037697452E-005   2.3221981823103883E-002
          88   4.3876104906856366E-005   2.5293655247335241E-002
          89   4.5825170844053913E-005   2.7546727563697145E-002
          90   4.7860817223659389E-005   2.9996478457100666E-002
          91   4.9986889985153051E-005   3.2659371564775948E-002
          92   5.2207405897711428E-005   3.5553129601039353E-002
          93   5.4526560147379929E-005   3.8696811855281336E-002
          94   5.6948734261146396E-005   4.2110893886056690E-002
          95   5.9478504382873435E-005   4.5817349258372712E-002
          96   6.2120649916704040E-005   4.9839733232569017E-002
          97   6.4880162554250228E-005   5.4203268426388056E-002
          98   6.7762255702597597E-005   5.8934932655889415E-002
          99   7.0772374330912288E-005   6.4063549439777615E-002
         100   7.3916205254226784E-005   6.9619882052340112E-002
         101   7.7199687873805487E-005   7.5636732563473530E-002
         102   8.0629025394346473E-005   8.2149048041310818E-002
         103   8.4210696539179967E-005   8.9194037034650106E-002
         104   8.7951467785555597E-005   9.6811300598386718E-002
         105   9.1858406143093888E-005  0.10504298341930136     
         106   9.5938892499498719E-005  0.11393395187769943     
         107   1.0020063555869154E-004  0.12353200679113631     
         108   1.0465168639764880E-004  0.13388813850319187     
         109   1.0930045366938259E-004  0.14505683003438699     
         110   1.1415571948072290E-004  0.15709640950118273     
         111   1.1922665597482588E-004  0.17006944632944712     
         112   1.2452284264966111E-004  0.18404317928191366     
         113   1.3005428444511110E-004  0.19908996517261732     
         114   1.3583143063276184E-004  0.21528773982822383     
         115   1.4186519454396728E-004  0.23272046645306982     
         116   1.4816697417335673E-004  0.25147851931987236     
         117   1.5474867369657977E-004  0.27165914234629329     
         118   1.6162272594281676E-004  0.29336686167714315     
         119   1.6880211586436193E-004  0.31671395147725445     
         120   1.7630040504746725E-004  0.34182092616907522     
         121   1.8413175731057591E-004  0.36881707544003356     
         122   1.9231096543812406E-004  0.39784104153127603     
         123   2.0085347910021336E-004  0.42904143980770493     
         124   2.0977543401067269E-004  0.46257752288457615     
         125   2.1909368237835788E-004  0.49861988880161656     
         126   2.2882582470895062E-004  0.53735123406152641     
         127   2.3899024301704533E-004  0.57896715266527543     
         128   2.4960613551095801E-004  0.62367698251877690     
         129   2.6069355281542835E-004  0.67170470074199096     
         130   2.7227343580028628E-004  0.72328986948825047     
         131   2.8436765508611876E-004  0.77868863388658371     
         132   2.9699905230113851E-004  0.83817477366547166     
         133   3.1019148316670139E-004  0.90204080990810132     
         134   3.2396986249232611E-004  0.97059916823033421     
         135   3.3836021116465315E-004   1.0441833994644418     
         136   3.5338970521846459E-004   1.1231494586701969     
         137   3.6908672708178060E-004   1.2078770429769505     
         138   3.8548091909108113E-004   1.2987709883788718     
         139   4.0260323937693025E-004   1.3962627251532032     
         140   4.2048602022467179E-004   1.5008117910403116     
         141   4.3916302901947428E-004   1.6129074007042006     
         142   4.5866953188977044E-004   1.7330700692743091     
         143   4.7904236016816900E-004   1.8618532869406383     
         144   5.0031997979409736E-004   1.9998452406240737     
         145   5.2254256378790316E-004   2.1476705776587983     
         146   5.4575206793180248E-004   2.3059922051899431     
         147   5.6999230979897799E-004   2.4755131175926808     
         148   5.9530905127832363E-004   2.6569782426421122     
         149   6.2175008474874222E-004   2.8511762953929627     
         150   6.4936532306365021E-004   3.0589416267434584     
         151   6.7820689351330489E-004   3.2811560514444276     
         152   7.0832923593991534E-004   3.5187506378535560     
         153   7.3978920518806383E-004   3.7727074390066990     
         154   7.7264617808093421E-004   4.0440611415677710     
         155   8.0696216512109750E-004   4.3339006059053897     
         156   8.4280192712322846E-004   4.6433702669159667     
         157   8.8023309699511779E-004   4.9736713612490835     
         158   9.1932630689269999E-004   5.3260629422846941     
         159   9.6015532098459228E-004   5.7018626395494438     
         160   1.0027971740717858E-003   6.1024471142363712     
         161   1.0473323163187323E-003   6.5292521571095090     
         162   1.0938447643631156E-003   6.9837723693348677     
         163   1.1424222590830666E-003   7.4675603606999648     
         164   1.1931564303125700E-003   7.9822253932819391     
         165   1.2461429688082595E-003   8.5294313919413032     
         166   1.3014818057837906E-003   9.1108942360947758     
         167   1.3592773003414647E-003   9.7283782401270837     
         168   1.4196384351448737E-003   10.383691722614589     
         169   1.4826790206909173E-003   11.078681557360520     
         170   1.5485179085548194E-003   11.815226592212015     
         171   1.6172792139975886E-003   12.595229814894230     
         172   1.6890925483418054E-003   13.420609138852814     
         173   1.7640932615388227E-003   14.293286676561179     
         174   1.8424226953682127E-003   15.215176363187918     
         175   1.9242284477288376E-003   16.188169790240469     
         176   2.0096646485001494E-003   17.214120107155207     
         177   2.0988922474723341E-003   18.294823849193854     
         178   2.1920793148646357E-003   19.432000552888308     
         179   2.2894013549728354E-003   20.627270026161707     
         180   2.3910416335091306E-003   21.882127149704520     
         181   2.4971915192210257E-003   23.197914099826630     
         182   2.6080508403998363E-003   24.575789901508116     
         183   2.7238282569144625E-003   26.016697244452004     
         184   2.8447416484320104E-003   27.521326525365566     
         185   2.9710185195136827E-003   29.090077117240302     
         186   3.1028964223022040E-003   30.723015911869812     
         187   3.2406233975458697E-003   32.419833236019464     
         188   3.3844584347341323E-003   34.179796305297550     
         189   3.5346719521505551E-003   36.001700453543783     
         190   3.6915462976808049E-003   37.883818460030113     
         191   3.8553762712464838E-003   39.823848392336743     
         192   4.0264696697695501E-003   41.818860489642724     
         193   4.2051478556074037E-003   43.865243729208885     
         194   4.3917463494349647E-003   45.958652847604995     
         195   4.5866154485875773E-003   48.093956726780235     
         196   4.7901208719171142E-003   50.265189201985088     
         197   5.0026444322534506E-003   52.465503501668557     
         198   5.2245847376043335E-003   54.687131686022632     
         199   5.4563579222687772E-003   56.921350607065683     
         200   5.6983984090821877E-003   59.158456064532693     
         201   5.9511597040557565E-003   61.387746972614892     
         202   6.2151152247182147E-003   63.597521476206580     
         203   6.4907591635142590E-003   65.775087053779629     
         204   6.7786073876617142E-003   67.906786708603121     
         205   7.0791983769180507E-003   69.978043370588139     
         206   7.3930942007561957E-003   71.973424596993794     
         207   7.7208815365002797E-003   73.876729559777459     
         208   8.0631727300229002E-003   75.671100129007215     
         209   8.4206069006578683E-003   77.339157593322881     
         210   8.7938510920345658E-003   78.863166189287810     
         211   9.1836014705938308E-003   80.225224131349734     
         212   9.5905845735984128E-003   81.407482236071644     
         213   1.0015558608505240E-002   82.392389513239806     
         214   1.0459314805620750E-002   83.162964253206795     
         215   1.0922678826014377E-002   83.703088178539176     
         216   1.1406512226719064E-002   83.997820159674220     
         217   1.1911713985301067E-002   84.033724842074619     
         218   1.2439222085933252E-002   83.799210327270600     
         219   1.2990015169158183E-002   83.284867809604052     
         220   1.3565114247576815E-002   82.483804877944550     
         221   1.4165584489747239E-002   81.391963070377372     
         222   1.4792537074624074E-002   80.008409310027915     
         223   1.5447131118913122E-002   78.335590320206833     
         224   1.6130575679756187E-002   76.379537580087359     
         225   1.6844131835198745E-002   74.150012802811304     
         226   1.7589114844926167E-002   71.660581490100000     
         227   1.8366896393782677E-002   68.928604894756219     
         228   1.9178906920610611E-002   65.975141688517922     
         229   2.0026638034964572E-002   62.824752865375743     
         230   2.0911645024265433E-002   59.505206199324697     
         231   2.1835549453961666E-002   56.047079943702194     
         232   2.2800041863259467E-002   52.483269322942469     
         233   2.3806884558967328E-002   48.848403607425844     
         234   2.4857914509974176E-002   45.178185993298378     
         235   2.5955046344842067E-002   41.508672920440006     
         236   2.7100275454942604E-002   37.875513584113541     
         237   2.8295681205500304E-002   34.313173956275477     
         238   2.9543430256824155E-002   30.854172324863651     
         239   3.0845779997909141E-002   27.528354926473757     
         240   3.2205082094470823E-002   24.362240406955927     
         241   3.3623786153336756E-002   21.378460506464393     
         242   3.5104443504955979E-002   18.595321302986616     
         243   3.6649711105601813E-002   16.026504776975663     
         244   3.8262355560628410E-002   13.680924371278515     
         245   3.9945257269900392E-002   11.562740992245487     
         246   4.1701414696240384E-002   9.6715379267026442     
         247   4.3533948757432488E-002   8.0026449448019878     
         248   4.5446107341976891E-002   6.5475939930462550     
         249   4.7441269948408853E-002   5.2946819624713619     
         250   4.9522952447572322E-002   4.2296105858307271     
         251   5.1694811966772565E-002   3.3361700421022653     
         252   5.3960651894217886E-002   2.5969316209469082     
         253   5.6324427001598287E-002   1.9939159463425078     
         254   5.8790248682033523E-002   1.5092066676920315     
         255   6.1362390299953287E-002   1.1254848933691715     
         256   6.4045292648743146E-002  0.82646646226300402     
         257   6.6843569511202572E-002  0.59723179895732637     
         258   6.9762013317007904E-002  0.42444587889911567     
         259   7.2805600890456526E-002  0.29647306448800120     
         260   7.5979499280781751E-002  0.20339766923142727     
         261   7.9289071666273386E-002  0.13696563162224781     
         262   8.2739883322309041E-002   9.0465394665423568E-002
         263   8.6337707642202777E-002   5.8566965012031298E-002
         264   9.0088532198500396E-002   3.7137339423822073E-002
         265   9.3998564831001705E-002   2.3048363167973977E-002
         266   9.8074239746366365E-002   1.3990053939445194E-002
         267  0.10232222361266004        8.2989445623469094E-003
         268  0.10674942163063063        4.8075005395018739E-003
         269  0.11136298356186279        2.7175029834713214E-003
         270  0.11617030969225478        1.4976954721751894E-003
         271  0.12117905670749655        8.0409257504980970E-004
         272  0.12639714345540620        4.2014940820972609E-004
         273  0.13183275656811241        2.1341810171698176E-004
         274  0.13749435591516490        1.0523905339751354E-004
         275  0.14339067985671675        5.0281696717828817E-005
         276  0.14953075026397050        2.3212028688404605E-005
         277  0.15592387727212562        1.0308932616837935E-005
         278  0.16257966372912280        4.3730129257424799E-006
         279  0.16950800930157089        1.7503652265538438E-006
         280  0.17671911419738329        6.4550586517112839E-007
         281  0.18422348246286732        2.1241783087446391E-007
         282  0.19203192481032022        5.1057372401745521E-008
         283  0.20015556093062495        1.1185100607645327E-008
         284  0.20860582124392701        1.2326411545396883E-009
         285  0.21739444804024588        1.5476708704830665E-010
         286  0.22653349596086289        4.4156574695673622E-011
         287  0.23603533177056160        3.4836397191446733E-011
         288  0.24591263337031921        8.6650167968287510E-012
