 # Final electron density
           1   9.9999999999999995E-007   1.5981583112327197E-005
           2   1.0444225338938544E-006   1.7433012557857000E-005
           3   1.0908184287671121E-006   1.9016259888485253E-005
           4   1.1392753462419911E-006   2.0743296851677528E-005
           5   1.1898848420844152E-006   2.2627160893658431E-005
           6   1.2427425391910072E-006   2.4682054673944258E-005
           7   1.2979483082605334E-006   2.6923583049896774E-005
           8   1.3556064564911365E-006   2.9368663924978533E-005
           9   1.4158259246599110E-006   3.2035791677764612E-005
          10   1.4787204929571719E-006   3.4945128721586794E-005
          11   1.5444089959642569E-006   3.8118669372157702E-005
          12   1.6130155471811518E-006   4.1580405093688410E-005
          13   1.6846697735280171E-006   4.5356505647836106E-005
          14   1.7595070602637758E-006   4.9475516844754023E-005
          15   1.8376688067844433E-006   5.3968576215781994E-005
          16   1.9193026937845375E-006   5.8869648252035196E-005
          17   2.0045629622862911E-006   6.4215780982749304E-005
          18   2.0936107050638671E-006   7.0047385826116595E-005
          19   2.1866141710131623E-006   7.6408542821388320E-005
          20   2.2837490830423103E-006   8.3347333540570705E-005
          21   2.3851989700834204E-006   9.0916204186082655E-005
          22   2.4911555138528375E-006   9.9172361607298540E-005
          23   2.6018189110151385E-006   1.0817820521471413E-004
          24   2.7173982514350333E-006   1.1800179803968284E-004
          25   2.8381119132318184E-006   1.2871738048004573E-004
          26   2.9641879753828026E-006   1.4040593059112626E-004
          27   3.0958646486552469E-006   1.5315577512784356E-004
          28   3.2333907256808836E-006   1.6706325592331754E-004
          29   3.3770260510234638E-006   1.8223345660075787E-004
          30   3.5270420121273681E-006   1.9878099506191776E-004
          31   3.6837220520747815E-006   2.1683088768671309E-004
          32   3.8473622051202607E-006   2.3651949170821633E-004
          33   4.0182716560144502E-006   2.5799553280381817E-004
          34   4.1967733241735253E-006   2.8142122557463630E-004
          35   4.3832044737982416E-006   3.0697349526954298E-004
          36   4.5779173510950352E-006   3.3484530985091631E-004
          37   4.7812798498032010E-006   3.6524713231017385E-004
          38   4.9936762062853591E-006   3.9840850402041535E-004
          39   5.2155077254945083E-006   4.3457977086545587E-004
          40   5.4471935391891125E-006   4.7403396492327388E-004
          41   5.6891713978285905E-006   5.1706885560598014E-004
          42   5.9418984976454050E-006   5.6400918538033616E-004
          43   6.2058523444561578E-006   6.1520910651308017E-004
          44   6.4815316558434778E-006   6.7105483672653639E-004
          45   6.7694573034132758E-006   7.3196755319864253E-004
          46   7.0701732969073292E-006   7.9840654602385481E-004
          47   7.3842478120303456E-006   8.7087265407600198E-004
          48   7.7122742639330586E-006   9.4991200817979421E-004
          49   8.0548724283796165E-006   1.0361201086136827E-003
          50   8.4126896127169845E-006   1.1301462662684993E-003
          51   8.7864018788583490E-006   1.2326984392576662E-003
          52   9.1767153205913173E-006   1.3445484994124013E-003
          53   9.5843673976231480E-006   1.4665379659821042E-003
          54   1.0010128328883587E-005   1.5995842469038741E-003
          55   1.0454802547717105E-005   1.7446874312995212E-003
          56   1.0919230221713362E-005   1.9029376803747235E-003
          57   1.1404288840046840E-005   2.0755232676490268E-003
          58   1.1910894871324283E-005   2.2637393234340624E-003
          59   1.2440005495071078E-005   2.4689973427315611E-003
          60   1.2992620410127811E-005   2.6928355202214204E-003
          61   1.3569783723372270E-005   2.9369299807291095E-003
          62   1.4172585922334979E-005   3.2031069786087780E-003
          63   1.4802165935433750E-005   3.4933561446512137E-003
          64   1.5459713283719377E-005   3.8098448645963626E-003
          65   1.6146470328195645E-005   4.1549338789923489E-003
          66   1.6863734616959607E-005   4.5311941998941842E-003
          67   1.7612861336593900E-005   4.9414254458853227E-003
          68   1.8395265872442344E-005   5.3886757028491356E-003
          69   1.9212426482603670E-005   5.8762630238800469E-003
          70   2.0065887090693202E-005   6.4077986876575326E-003
          71   2.0957260202648391E-005   6.9872123402265202E-003
          72   2.1888229953084970E-005   7.6187791504810894E-003
          73   2.2860555286958465E-005   8.3071491144567286E-003
          74   2.3876073282538308E-005   9.0573786477120555E-003
          75   2.4936702621971499E-005   9.8749646082899652E-003
          76   2.6044447215987248E-005   1.0765880894831523E-002
          77   2.7201399989590050E-005   1.1736617765098815E-002
          78   2.8409746835887955E-005   1.2794224018955663E-002
          79   2.9671770745522310E-005   1.3946352186638139E-002
          80   3.0989856119497354E-005   1.5201306857405316E-002
          81   3.2366493273550663E-005   1.6568096274973108E-002
          82   3.3804283142572143E-005   1.8056487314106688E-002
          83   3.5305942193951068E-005   1.9677063937061014E-002
          84   3.6874307559129402E-005   2.1441289208873698E-002
          85   3.8512342393048592E-005   2.3361570926382507E-002
          86   4.0223141471607078E-005   2.5451330887421016E-002
          87   4.2009937037697452E-005   2.7725077794142607E-002
          88   4.3876104906856366E-005   3.0198483747957784E-002
          89   4.5825170844053913E-005   3.2888464254785185E-002
          90   4.7860817223659389E-005   3.5813261619359424E-002
          91   4.9986889985153051E-005   3.8992531569495358E-002
          92   5.2207405897711428E-005   4.2447432919154537E-002
          93   5.4526560147379929E-005   4.6200720058421789E-002
          94   5.6948734261146396E-005   5.0276838057643734E-002
          95   5.9478504382873435E-005   5.4702020201677838E-002
          96   6.2120649916704040E-005   5.9504387843134013E-002
          97   6.4880162554250228E-005   6.4714052598378521E-002
          98   6.7762255702597597E-005   7.0363221129520717E-002
          99   7.0772374330912288E-005   7.6486303088300733E-002
         100   7.3916205254226784E-005   8.3120023275826946E-002
         101   7.7199687873805487E-005   9.0303539732479177E-002
         102   8.0629025394346473E-005   9.8078570352213609E-002
         103   8.4210696539179967E-005  0.10648953174017366     
         104   8.7951467785555597E-005  0.11558369540188576     
         105   9.1858406143093888E-005  0.12541136790007201     
         106   9.5938892499498719E-005  0.13602610314644814     
         107   1.0020063555869154E-004  0.14748495609294174     
         108   1.0465168639764880E-004  0.15984878700279501     
         109   1.0930045366938259E-004  0.17318262317751459     
         110   1.1415571948072290E-004  0.18755607963725168     
         111   1.1922665597482588E-004  0.20304383224097750     
         112   1.2452284264966111E-004  0.21972612885125617     
         113   1.3005428444511110E-004  0.23768932502017059     
         114   1.3583143063276184E-004  0.25702643385582258     
         115   1.4186519454396728E-004  0.27783766041045660     
         116   1.4816697417335673E-004  0.30023085858498677     
         117   1.5474867369657977E-004  0.32432207752673137     
         118   1.6162272594281676E-004  0.35023605316797102     
         119   1.6880211586436193E-004  0.37810676334748872     
         120   1.7630040504746725E-004  0.40807801445383790     
         121   1.8413175731057591E-004  0.44030407902203511     
         122   1.9231096543812406E-004  0.47495038365731629     
         123   2.0085347910021336E-004  0.51219424845236960     
         124   2.0977543401067269E-004  0.55222567820496671     
         125   2.1909368237835788E-004  0.59524820600127104     
         126   2.2882582470895062E-004  0.64147979011742484     
         127   2.3899024301704533E-004  0.69115376556569064     
         128   2.4960613551095801E-004  0.74451985189690650     
         129   2.6069355281542835E-004  0.80184521905384765     
         130   2.7227343580028628E-004  0.86341561315740356     
         131   2.8436765508611876E-004  0.92953654410892173     
         132   2.9699905230113851E-004   1.0005345368223300     
         133   3.1019148316670139E-004   1.0767584477650955     
         134   3.2396986249232611E-004   1.1585808482918272     
         135   3.3836021116465315E-004   1.2463994759997716     
         136   3.5338970521846459E-004   1.3406387550167724     
         137   3.6908672708178060E-004   1.4417513857455928     
         138   3.8548091909108113E-004   1.5502200041255014     
         139   4.0260323937693025E-004   1.6665589099238816     
         140   4.2048602022467179E-004   1.7913158629278163     
         141   4.3916302901947428E-004   1.9250739451560939     
         142   4.5866953188977044E-004   2.0684534863452346     
         143   4.7904236016816900E-004   2.2221140489634923     
         144   5.0031997979409736E-004   2.3867564678617614     
         145   5.2254256378790316E-004   2.5631249383641741     
         146   5.4575206793180248E-004   2.7520091451171322     
         147   5.6999230979897799E-004   2.9542464223370182     
         148   5.9530905127832363E-004   3.1707239342035467     
         149   6.2175008474874222E-004   3.4023808620225227     
         150   6.4936532306365021E-004   3.6502105824035618     
         151   6.7820689351330489E-004   3.9152628180491074     
         152   7.0832923593991534E-004   4.1986457398082617     
         153   7.3978920518806383E-004   4.5015279953909131     
         154   7.7264617808093421E-004   4.8251406365468581     
         155   8.0696216512109750E-004   5.1707789125679344     
         156   8.4280192712322846E-004   5.5398038936554856     
         157   8.8023309699511779E-004   5.9336438829889451     
         158   9.1932630689269999E-004   6.3537955712275238     
         159   9.6015532098459228E-004   6.8018248816629212     
         160   1.0027971740717858E-003   7.2793674483143036     
         161   1.0473323163187323E-003   7.7881286629230120     
         162   1.0938447643631156E-003   8.3298832200711654     
         163   1.1424222590830666E-003   8.9064740825434754     
         164   1.1931564303125700E-003   9.5198107816012545     
         165   1.2461429688082595E-003   10.171866959100866     
         166   1.3014818057837906E-003   10.864677050422792     
         167   1.3592773003414647E-003   11.600331999079129     
         168   1.4196384351448737E-003   12.380973885740215     
         169   1.4826790206909173E-003   13.208789346410715     
         170   1.5485179085548194E-003   14.086001646763664     
         171   1.6172792139975886E-003   15.014861272411233     
         172   1.6890925483418054E-003   15.997634888410346     
         173   1.7640932615388227E-003   17.036592515861862     
         174   1.8424226953682127E-003   18.133992769409186     
         175   1.9242284477288376E-003   19.292065997185027     
         176   2.0096646485001494E-003   20.512995164752564     
         177   2.0988922474723341E-003   21.798894327371258     
         178   2.1920793148646357E-003   23.151784541085650     
         179   2.2894013549728354E-003   24.573567073360838     
         180   2.3910416335091306E-003   26.065993789006523     
         181   2.4971915192210257E-003   27.630634607769228     
         182   2.6080508403998363E-003   29.268841957100729     
         183   2.7238282569144625E-003   30.981712178187124     
         184   2.8447416484320104E-003   32.770043886338982     
         185   2.9710185195136827E-003   34.634293339337987     
         186   3.1028964223022040E-003   36.574526930355262     
         187   3.2406233975458697E-003   38.590370996645063     
         188   3.3844584347341323E-003   40.680959222353771     
         189   3.5346719521505551E-003   42.844878014367190     
         190   3.6915462976808049E-003   45.080110344887075     
         191   3.8553762712464838E-003   47.383978683894085     
         192   4.0264696697695501E-003   49.753087789047932     
         193   4.2051478556074037E-003   52.183268279703846     
         194   4.3917463494349647E-003   54.669522094912580     
         195   4.5866154485875773E-003   57.205971121200307     
         196   4.7901208719171142E-003   59.785810472519024     
         197   5.0026444322534506E-003   62.401268109024635     
         198   5.2245847376043335E-003   65.043572689225542     
         199   5.4563579222687772E-003   67.702931756249185     
         200   5.6983984090821877E-003   70.368522556852639     
         201   5.9511597040557565E-003   73.028497973102446     
         202   6.2151152247182147E-003   75.670010201562462     
         203   6.4907591635142590E-003   78.279254931668049     
         204   6.7786073876617142E-003   80.841538840389958     
         205   7.0791983769180507E-003   83.341373219039482     
         206   7.3930942007561957E-003   85.762596463414624     
         207   7.7208815365002797E-003   88.088527972074090     
         208   8.0631727300229002E-003   90.302155690243126     
         209   8.4206069006578683E-003   92.386359088778946     
         210   8.7938510920345658E-003   94.324168759489964     
         211   9.1836014705938308E-003   96.099063021440330     
         212   9.5905845735984128E-003   97.695300952179068     
         213   1.0015558608505240E-002   99.098290070934866     
         214   1.0459314805620750E-002   100.29498550209932     
         215   1.0922678826014377E-002   101.27431583741780     
         216   1.1406512226719064E-002   102.02762910375193     
         217   1.1911713985301067E-002   102.54915025793879     
         218   1.2439222085933252E-002   102.83643951183247     
         219   1.2990015169158183E-002   102.89083856828833     
         220   1.3565114247576815E-002   102.71788963826707     
         221   1.4165584489747239E-002   102.32770996184050     
         222   1.4792537074624074E-002   101.73530261237113     
         223   1.5447131118913122E-002   100.96078295026115     
         224   1.6130575679756187E-002   100.02949784692822     
         225   1.6844131835198745E-002   98.972016774494406     
         226   1.7589114844926167E-002   97.823971346578787     
         227   1.8366896393782677E-002   96.625723069666847     
         228   1.9178906920610611E-002   95.421841028428943     
         229   2.0026638034964572E-002   94.260375189431343     
         230   2.0911645024265433E-002   93.191916379616146     
         231   2.1835549453961666E-002   92.268440917614114     
         232   2.2800041863259467E-002   91.541946352677925     
         233   2.3806884558967328E-002   91.062894733650310     
         234   2.4857914509974176E-002   90.878491101625286     
         235   2.5955046344842067E-002   91.030837192865846     
         236   2.7100275454942604E-002   91.555013218223152     
         237   2.8295681205500304E-002   92.477153507630263     
         238   2.9543430256824155E-002   93.812594066073956     
         239   3.0845779997909141E-002   95.564180890353924     
         240   3.2205082094470823E-002   97.720836283027381     
         241   3.3623786153336756E-002   100.25648547621105     
         242   3.5104443504955979E-002   103.12944648869342     
         243   3.6649711105601813E-002   106.28238149077178     
         244   3.8262355560628410E-002   109.64289706527890     
         245   3.9945257269900392E-002   113.12486304947106     
         246   4.1701414696240384E-002   116.63049447623800     
         247   4.3533948757432488E-002   120.05320903823473     
         248   4.5446107341976891E-002   123.28123321863207     
         249   4.7441269948408853E-002   126.20188533132428     
         250   4.9522952447572322E-002   128.70641444024650     
         251   5.1694811966772565E-002   130.69522312177943     
         252   5.3960651894217886E-002   132.08325044620634     
         253   5.6324427001598287E-002   132.80524834689317     
         254   5.8790248682033523E-002   132.82064246816353     
         255   6.1362390299953287E-002   132.11764906414513     
         256   6.4045292648743146E-002   130.71630733814089     
         257   6.6843569511202572E-002   128.67010495846739     
         258   6.9762013317007904E-002   126.06589666731880     
         259   7.2805600890456526E-002   123.02191980690020     
         260   7.5979499280781751E-002   119.68375370141254     
         261   7.9289071666273386E-002   116.21822538980138     
         262   8.2739883322309041E-002   112.80539109603181     
         263   8.6337707642202777E-002   109.62888060376778     
         264   9.0088532198500396E-002   106.86505157653356     
         265   9.3998564831001705E-002   104.67155218524911     
         266   9.8074239746366365E-002   103.17601829409483     
         267  0.10232222361266004        102.46572017518316     
         268  0.10674942163063063        102.57900824158860     
         269  0.11136298356186279        103.49937510496319     
         270  0.11617030969225478        105.15284439203188     
         271  0.12117905670749655        107.40921352630545     
         272  0.12639714345540620        110.08742416470977     
         273  0.13183275656811241        112.96502461270107     
         274  0.13749435591516490        115.79134584582008     
         275  0.14339067985671675        118.30366693481187     
         276  0.14953075026397050        120.24532401633985     
         277  0.15592387727212562        121.38446598492511     
         278  0.16257966372912280        121.53200801908702     
         279  0.16950800930157089        120.55727474722748     
         280  0.17671911419738329        118.39993828991315     
         281  0.18422348246286732        115.07706205062500     
         282  0.19203192481032022        110.68444286002354     
         283  0.20015556093062495        105.39186139537991     
         284  0.20860582124392701        99.432420431562264     
         285  0.21739444804024588        93.086591545988128     
         286  0.22653349596086289        86.662172517022015     
         287  0.23603533177056160        80.471730923394333     
         288  0.24591263337031921        74.809399028848333     
         289  0.25617838799988291        69.928999698950719     
         290  0.26684588957986533        66.025408136870126     
         291  0.27792873514357808        63.220786824749347     
         292  0.28944082030984308        61.556890031951312     
         293  0.30139633374950159        60.994060419003560     
         294  0.31380975060032290        61.416893490387061     
         295  0.32669582478752246        62.645898481922536     
         296  0.34006958021016437        64.453912671510224     
         297  0.35394630075737021        66.585599845958569     
         298  0.36834151912249719        68.778122115767644     
         299  0.38327100438830464        70.781078381949925     
         300  0.39875074836159657        72.373972947072147     
         301  0.41479695064191335        73.379873401532080     
         302  0.43142600241553125        73.674372500475002     
         303  0.44865446897329836        73.189540572651282     
         304  0.46649907095865845        71.913108829941521     
         305  0.48497666436054410        69.883420733040310     
         306  0.50410421927461568        67.181151647940183     
         307  0.52389879746550949        63.918897875878393     
         308  0.54437752877226886        60.229783696763434     
         309  0.56555758640887777        56.256149476647941     
         310  0.58745616122170730        52.139208772294076     
         311  0.61009043497560855        48.010332910698899     
         312  0.63347755275023510        43.984371947806508     
         313  0.65763459453782902        40.155180214979147     
         314  0.68257854614303637        36.593304546545255     
         315  0.70832626949419708        33.345627372625728     
         316  0.73489447248385187        30.436641159604534     
         317  0.76229967846379909        27.870964883635242     
         318  0.79055819552679152        25.636692623224050     
         319  0.81968608571276125        23.709181096490195     
         320  0.84969913428220201        22.054927702481518     
         321  0.88061281920291357        20.635253712424632     
         322  0.91244228099864078        19.409580001009914     
         323  0.94520229310915238        18.338153789444359     
         324  0.97890723291094928        17.384160799512131     
         325   1.0135710535460367        16.515205430076495     
         326   1.0492072567030306        15.704200590482078     
         327   1.0858288664903002        14.929731832300588     
         328   1.1234484045349220        14.175992589634436     
         329   1.1620778664339710        13.432386300810327     
         330   1.2017286996761933        12.692898033312421     
         331   1.2424117831424784        11.955327987133394     
         332   1.2841374082828965        11.220467326706217     
         333   1.3269152620565035        10.491281478828121     
         334   1.3707544117078110        9.7721503988773559     
         335   1.4156632914408924        9.0681991915830178     
         336   1.4616496910387402        8.3847389880888290     
         337   1.5087207464618526        7.7268259821973286     
         338   1.5568829324462796        7.0989372170423923     
         339   1.6061420571076708        6.5047548217657374     
         340   1.6565032585443995        5.9470458378991333     
         341   1.7079710034197422        5.4276219485828117     
         342   1.7605490874905099        4.9473633553460816     
         343   1.8142406380376006        4.5062886170515712     
         344   1.8690481181427696        4.1036593837918760     
         345   1.9249733327456251        3.7381022334090925     
         346   1.9820174364054954        3.4077394496904883     
         347   2.0401809426844908        3.1103194639537501     
         348   2.0994637350608056        2.8433399175691854     
         349   2.1598650792751504        2.6041588817447567     
         350   2.2213836370081306        2.3900913318791446     
         351   2.2840174807824387        2.1984894623795097     
         352   2.3477641099808713        2.0268065989354747     
         353   2.4126204678693637        1.8726453566762502     
         354   2.4785829595134516        1.7337913222016514     
         355   2.5456474704767338        1.6082339395609631     
         356   2.6138093861909626        1.4941764923699674     
         357   2.6830636118892781        1.3900371378265339     
         358   2.7534045929967315        1.2944428778888351     
         359   2.8248263358755250        1.2062182587289552     
         360   2.8973224288262927        1.1243703497161117     
         361   2.9708860632511063        1.0480713765124672     
         362   3.0455100548886924       0.97664014312300318     
         363   3.1211868650374850       0.90952316047219861     
         364   3.1979086216875214       0.84627619311534330     
         365   3.2756671404877644       0.78654675216182368     
         366   3.3544539454811471       0.73005790041636986     
         367   3.4342602895453638       0.67659360262571244     
         368   3.5150771744831770       0.62598574146462449     
         369   3.5968953707117279       0.57810283317960520     
         370   3.6797054365058521       0.53284041057377851     
         371   3.7634977367559106       0.49011299132584785     
         372   3.8482624612058585       0.44984751629224573     
         373   3.9339896421423250       0.41197812138554435     
         374   4.0206691715103018       0.37644209543254686     
         375   4.1082908174355897       0.34317687297107879     
         376   4.1968442401384536       0.31211791337165035     
         377   4.2863190072269388       0.28319732441996037     
         378   4.3767046083620675       0.25634309819799189     
         379   4.4679904692905410       0.23147883840802611     
         380   4.5601659652438018       0.20852387119542526     
         381   4.6532204337051342       0.18739364386652169     
         382   4.7471431865491605       0.16800032934966960     
         383   4.8419235215603837       0.15025356598416539     
         384   4.9375507333395721       0.13406127419841912     
         385   5.0340141236086016       0.11933050232520935     
         386   5.1313030109259952       0.10596826324725703     
         387   5.2294067398267972        9.3882332639629446E-002
         388   5.3283146894016298        8.2981986805604049E-002
         389   5.4280162813307333        7.3178665113733693E-002
         390   5.5285009873896618        6.4386547340101408E-002
         391   5.6297583364439214        5.6523041047711949E-002
         392   5.7317779209503454        4.9509177926735669E-002
         393   5.8345494029833889        4.3269921053595672E-002
         394   5.9380625198047072        3.7734387366124271E-002
         395   6.0423070889945549        3.2835991371150224E-002
         396   6.1472730131635345        2.8512517284243186E-002
         397   6.2529502842631377        2.4706127528481340E-002
         398   6.3593289875133969        2.1363315865440997E-002
         399   6.4663993049657140        1.8434813467343641E-002
         400   6.5741515187186526        1.5875456028655945E-002
         401   6.6825760138041383        1.3644019616152411E-002
         402   6.7916632807611199        1.1703032419513308E-002
         403   6.9014039179133295        1.0018568934161918E-002
         404   7.0117886333672965        8.5600324218438224E-003
         405   7.1228082467463167        7.2999307836920067E-003
         406   7.2344536906755579        6.2136502705713035E-003
         407   7.3467160120329584        5.2792307663118571E-003
         408   7.4595863729800715        4.4771457261362987E-003
         409   7.5730560517864358        3.7900892459806217E-003
         410   7.6871164434605443        3.2027721856825843E-003
         411   7.8017590601999416        2.7017287743762415E-003
         412   7.9169755316724242        2.2751346902667403E-003
         413   8.0327576051397980        1.9126372331574823E-003
         414   8.1490971454351477        1.6051978829687021E-003
         415   8.2659861348040167        1.3449472783501921E-003
         416   8.3834166726194272        1.1250524304567862E-003
         417   8.5013809749801634        9.3959580413096569E-004
         418   8.6198713742012583        7.8346579212221006E-004
         419   8.7388803182052008        6.5225798007291871E-004
         420   8.8584003698218314        5.4218657623049111E-004
         421   8.9784242060046200        4.5000525695713706E-004
         422   9.0989446169704049        3.7293678392305617E-004
         423   9.2199545052694702        3.0861062419649388E-004
         424   9.3414468847922532        2.5500788573837958E-004
         425   9.4634148797187816        2.1041291528482855E-004
         426   9.5858517234164520        1.7337082458800996E-004
         427   9.7087507572914706        1.4265046145965502E-004
         428   9.8321054295989754        1.1721209739879807E-004
         429   9.9559092942164966        9.6179428756835484E-005
         430   10.080156009385144        7.8815337189694443E-005
         431   10.204839336422619        6.4500967820074593E-005
         432   10.329953138411902        5.2717730306106839E-005
         433   10.455491378869185        4.3031854450226056E-005
         434   10.581448120394358        3.5081171267346373E-005
         435   10.707817523307215        2.8563828942736356E-005
         436   10.834593844272206        2.3228684973052205E-005
         437   10.961771434914453        1.8867141312963925E-005
         438   11.089344740429540        1.5306227002120354E-005
         439   11.217308298189325        1.2402746917013466E-005
         440   11.345656736345957        1.0038353195780615E-005
         441   11.474384772436045        8.1153797355945986E-006
         442   11.603487211986835        6.5533577118756146E-006
         443   11.732958947125969        5.2860865091155727E-006
         444   11.862794955196502        4.2591829580084848E-006
         445   11.992990297378464        3.4280505557502867E-006
         446   12.123540117318301        2.7561510330876968E-006
         447   12.254439639767412        2.2136041960588432E-006
         448   12.385684169230760        1.7760053556327095E-006
         449   12.517269088626609        1.4234492825904515E-006
         450   12.649189857958223        1.1397225183683979E-006
         451   12.781442012998347        9.1163616325072607E-007
         452   12.914021163987126        7.2847562909042807E-007
         453   13.046922994344170        5.8154759359590856E-007
         454   13.180143259395273        4.6380758222030452E-007
         455   13.313677785114312        3.6955430830285402E-007
         456   13.447522466880748        2.9417918986995930E-007
         457   13.581673268253120        2.3396139174054029E-007
         458   13.716126219758848        1.8590036617246292E-007
         459   13.850877417700650        1.4757922938878528E-007
         460   13.985923022979746        1.1705345407278173E-007
         461   14.121259259936112        9.2760313109076246E-008
         462   14.256882415205887        7.3445306538313279E-008
         463   14.392788836596047        5.8102466794651354E-008
         464   14.528974931976464        4.5925988087513115E-008
         465   14.665437168189344        3.6271082389936660E-008
         466   14.802172069976121        2.8622342286265743E-008
         467   14.939176218921753        2.2568202930445478E-008
         468   15.076446252416451        1.7780352561471814E-008
         469   15.213978862634699        1.3997152664888906E-008
         470   15.351770795531602        1.1010302725604500E-008
         471   15.489818849856382        8.6541270930458017E-009
         472   15.628119876182982        6.7969782104662601E-009
         473   15.766670775957577        5.3343458774402149E-009
         474   15.905468500562971        4.1833400874279037E-009
         475   16.044510050399623        3.2782784391781845E-009
         476   16.183792473983186        2.5671607528460149E-009
         477   16.323312867058423        2.0088554709162795E-009
         478   16.463068371729261        1.5708564573345724E-009
         479   16.603056175604827        1.2274963807287368E-009
         480   16.743273510961295        9.5852517472679663E-010
         481   16.883717653919291        7.4798009272325045E-010
         482   17.024385923636700        5.8328841271885273E-010
         483   17.165275681516640        4.5455559015138401E-010
         484   17.306384330430401        3.5400099624758477E-010
         485   17.447709313955126        2.7551125678931649E-010
         486   17.589248115626003        2.1428656261560163E-010
         487   17.730998258202789        1.6656159525949748E-010
         488   17.872957302950390        1.2938387778184781E-010
         489   18.015122848933295        1.0044193363051124E-010
         490   18.157492532323673        7.7926318686490958E-011
         491   18.300064025722811        6.0051892781746072E-011
         492   18.442835037495819        4.6367587309241517E-011
         493   18.585803311119207        3.5915080024336682E-011
         494   18.728966624541240        2.7802507588438587E-011
         495   18.872322789554776        2.0749550410016655E-011
         496   19.015869651182413        1.6051656881434350E-011
         497   19.159605087073668        1.2410357160428799E-011
         498   19.303527006914024        9.5897238097810454E-012
         499   19.447633351845585        7.4061035446954892E-012
         500   19.591922093899154        5.7166320079084145E-012
         501   19.736391235437491        4.4102478930554537E-012
         502   19.881038808609581        3.4006694302531853E-012
         503   20.025862874815648        2.6209088668910375E-012
         504   20.170861524182772        2.0189907173711068E-012
         505   20.316032875050826        1.5546146244549262E-012
         506   20.461375073468609        1.1965444138737812E-012
         507   20.606886292699976        9.2059948067827808E-013
         508   20.752564732739629        7.0780865119152542E-013
         509   20.898408619838627        5.4367246802622863E-013
         510   21.044416206039156        4.1738978980505690E-013
